rs528236848	5	80879264	0.956286	C	T	0.99858	0.877309	7.86628	5.0E-03	-1.11996	0.407058	7.56994	5.9E-03	7.57872	5.9E-03
rs72492329	6	32521136	0.520312	G	A	0.683106	0.806185	10.6214	1.1E-03	-0.107958	0.0331338	10.6161	1.1E-03	10.6304	1.1E-03
rs615698	6	32574190	0.520415	A	G	0.702778	0.944805	11.3397	7.6E-04	-0.106479	0.0314538	11.46	7.1E-04	11.4391	7.2E-04
rs9272770	6	32610226	0.520644	G	A	0.823959	0.983216	11.4438	7.2E-04	-0.12317	0.036915	11.1328	8.5E-04	11.1011	8.6E-04
rs1048381	6	32610445	0.520645	G	A	0.823396	0.985962	11.2344	8.0E-04	-0.121805	0.0368304	10.9375	9.4E-04	10.9026	9.6E-04
6:36632184_CT_C	6	36632184	0.562656	CT	C	0.353019	0.931616	8.33275	3.9E-03	0.0876872	0.0305385	8.24474	4.1E-03	8.32861	3.9E-03
rs730506	6	36645968	0.562809	G	C	0.801135	0.993777	4.43316	3.5E-02	-0.0713199	0.0355948	4.01465	4.5E-02	4.04887	4.4E-02
rs4151702	6	36645988	0.56281	G	C	0.801094	0.993641	4.30772	3.8E-02	-0.0702375	0.0355986	3.8929	4.8E-02	3.92729	4.8E-02
rs58730006	6	122089704	1.27119	A	AT	0.895725	0.993314	12.2127	4.7E-04	0.160631	0.0463519	12.0094	5.3E-04	12.0677	5.1E-04
rs9388001	6	122092897	1.2712	G	A	0.893582	0.994918	14.4479	1.4E-04	0.173847	0.0462425	14.1336	1.7E-04	14.2159	1.6E-04
rs9401451	6	122099152	1.2712	G	A	0.894562	0.997221	12.2428	4.7E-04	0.160694	0.0461309	12.1344	5.0E-04	12.1662	4.9E-04
rs2091624	6	122101755	1.27121	G	C	0.89214	0.997021	12.5904	3.9E-04	0.16223	0.046054	12.4087	4.3E-04	12.4479	4.2E-04
rs1012020	6	122110346	1.27121	A	G	0.89435	0.997454	11.9132	5.6E-04	0.158358	0.0460897	11.8052	5.9E-04	11.8341	5.8E-04
6:122113614_CT_C	6	122113614	1.27121	CT	C	0.889469	0.98133	11.6303	6.5E-04	0.155797	0.0459226	11.5097	6.9E-04	11.5419	6.8E-04
rs9320841	6	122114451	1.27121	A	G	0.892017	0.997808	12.2931	4.5E-04	0.160056	0.0460135	12.0997	5.0E-04	12.1379	4.9E-04
rs7767179	6	122120089	1.27122	A	G	0.89203	0.997937	12.2271	4.7E-04	0.159659	0.0460026	12.0454	5.2E-04	12.0826	5.1E-04
rs2012952	6	122124077	1.27122	T	C	0.894383	0.998164	12.1455	4.9E-04	0.159763	0.0460852	12.0179	5.3E-04	12.0503	5.2E-04
rs12208772	6	122125427	1.27122	T	C	0.892059	0.998401	12.3747	4.4E-04	0.16065	0.0460127	12.19	4.8E-04	12.2286	4.7E-04
rs1015451	6	122131485	1.27122	T	C	0.892055	0.998445	12.3726	4.4E-04	0.16062	0.0460066	12.1887	4.8E-04	12.2273	4.7E-04
rs9388006	6	122133347	1.27122	G	T	0.89274	0.99782	12.1254	5.0E-04	0.159571	0.0460146	12.0258	5.2E-04	12.0607	5.1E-04
6:122134939_TA_T	6	122134939	1.27122	TA	T	0.891974	0.998345	12.346	4.4E-04	0.160395	0.0460044	12.1557	4.9E-04	12.195	4.8E-04
rs112521333	6	122136119	1.27122	T	TA	0.893471	0.994203	12.2369	4.7E-04	0.161151	0.0462483	12.1415	4.9E-04	12.1745	4.8E-04
rs1919862	6	122136414	1.27122	T	C	0.892053	0.9985	12.3694	4.4E-04	0.160595	0.0460049	12.1859	4.8E-04	12.2244	4.7E-04
rs9388008	6	122138479	1.27122	C	A	0.891839	0.997283	12.3515	4.4E-04	0.160485	0.0460097	12.1665	4.9E-04	12.2032	4.8E-04
rs1919860	6	122141226	1.27123	A	G	0.891994	0.99853	12.2826	4.6E-04	0.160048	0.0460095	12.1005	5.0E-04	12.1376	4.9E-04
rs9372667	6	122145892	1.27124	T	G	0.892469	0.998263	12.2239	4.7E-04	0.159968	0.0460108	12.0878	5.1E-04	12.1226	5.0E-04
rs9398652	6	122146034	1.27124	C	A	0.89195	0.998656	12.3265	4.5E-04	0.16034	0.0460039	12.1476	4.9E-04	12.1849	4.8E-04
rs763076	6	122148562	1.27124	A	G	0.892314	0.998661	12.5029	4.1E-04	0.160974	0.0459584	12.2682	4.6E-04	12.3127	4.5E-04
rs1358683	6	122149208	1.27124	A	G	0.891998	0.999221	11.9935	5.3E-04	0.15805	0.0459894	11.8106	5.9E-04	11.8482	5.8E-04
rs9375064	6	122149831	1.27125	A	G	0.892007	0.999193	11.9624	5.4E-04	0.157881	0.0459922	11.7839	6.0E-04	11.8211	5.9E-04
rs973399	6	122150246	1.27125	A	G	0.892016	0.999216	11.9412	5.5E-04	0.157763	0.0459937	11.7656	6.0E-04	11.8025	5.9E-04
rs1919876	6	122152933	1.27125	T	C	0.892031	0.999349	11.9012	5.6E-04	0.157538	0.0459951	11.7313	6.1E-04	11.7677	6.0E-04
rs9388010	6	122153737	1.27125	A	G	0.892199	0.997153	12.1708	4.9E-04	0.159478	0.0460726	11.9817	5.4E-04	12.0224	5.3E-04
rs12212972	6	122154148	1.27125	A	C	0.892038	0.999404	11.8846	5.7E-04	0.157442	0.0459952	11.7171	6.2E-04	11.7533	6.1E-04
rs1534753	6	122155504	1.27125	C	G	0.892594	0.998334	12.1939	4.8E-04	0.159328	0.0459743	12.0103	5.3E-04	12.0522	5.2E-04
rs2269579	6	122156413	1.27125	A	G	0.891831	0.999108	12.0358	5.2E-04	0.158467	0.0459993	11.8679	5.7E-04	11.9071	5.6E-04
rs12110693	6	122158270	1.27125	G	A	0.892078	1	11.8157	5.9E-04	0.157041	0.0459903	11.6599	6.4E-04	11.695	6.3E-04
rs11154050	6	122158777	1.27125	G	A	0.892074	0.999906	11.8085	5.9E-04	0.156991	0.0459905	11.6524	6.4E-04	11.6876	6.3E-04
rs57568294	6	122159107	1.27125	C	A	0.89204	0.999806	11.8484	5.8E-04	0.157265	0.0460027	11.6869	6.3E-04	11.7229	6.2E-04
rs9401457	6	122167499	1.27126	C	T	0.893368	0.998402	11.7897	6.0E-04	0.15799	0.0462476	11.6702	6.4E-04	11.7109	6.2E-04
rs1320761	6	122168138	1.27126	C	T	0.893368	0.99844	11.7865	6.0E-04	0.157963	0.0462468	11.6666	6.4E-04	11.7072	6.2E-04
rs1919875	6	122171052	1.27126	A	G	0.894224	0.997067	12.279	4.6E-04	0.161113	0.0462235	12.1488	4.9E-04	12.1932	4.8E-04
rs1320759	6	122171460	1.27126	A	G	0.894225	0.997053	12.278	4.6E-04	0.161107	0.0462238	12.1478	4.9E-04	12.1922	4.8E-04
rs1919874	6	122173688	1.27126	G	C	0.89335	0.997848	11.8108	5.9E-04	0.158171	0.0462787	11.6813	6.3E-04	11.7236	6.2E-04
rs9401459	6	122174598	1.27126	T	C	0.89336	0.998235	11.7825	6.0E-04	0.157939	0.0462492	11.6619	6.4E-04	11.7025	6.2E-04
rs1406667	6	122178493	1.27127	A	G	0.894442	0.996661	12.1217	5.0E-04	0.160404	0.0462422	12.0324	5.2E-04	12.0747	5.1E-04
rs12196824	6	122178717	1.27127	T	C	0.893358	0.998213	11.7791	6.0E-04	0.157918	0.0462503	11.6583	6.4E-04	11.6989	6.3E-04
rs1919873	6	122181936	1.27127	A	T	0.893376	0.998112	11.8049	5.9E-04	0.158073	0.0462522	11.6802	6.3E-04	11.7215	6.2E-04
rs1919872	6	122182186	1.27127	A	G	0.894238	0.996807	12.3088	4.5E-04	0.161293	0.0462276	12.1738	4.8E-04	12.2189	4.7E-04
rs9401463	6	122186542	1.27127	A	G	0.893376	0.998026	11.8004	5.9E-04	0.158047	0.0462536	11.6757	6.3E-04	11.717	6.2E-04
rs9375071	6	122186687	1.27127	A	G	0.894462	0.996481	12.1446	4.9E-04	0.160542	0.0462454	12.0515	5.2E-04	12.0945	5.1E-04
rs9320843	6	122187302	1.27127	A	G	0.893372	0.997977	11.7948	5.9E-04	0.15801	0.0462539	11.6701	6.4E-04	11.7113	6.2E-04
rs9372668	6	122188472	1.27127	C	A	0.893369	0.997625	11.8057	5.9E-04	0.158103	0.0462599	11.6808	6.3E-04	11.722	6.2E-04
rs12175261	6	122189160	1.27129	T	G	0.893352	0.996638	11.7475	6.1E-04	0.157677	0.0462796	11.608	6.6E-04	11.6513	6.4E-04
rs12206253	6	122192592	1.27153	C	T	0.893238	0.983463	11.6051	6.6E-04	0.157299	0.0465257	11.4305	7.2E-04	11.4697	7.1E-04
rs11752784	6	122193876	1.27169	A	G	0.893404	0.980991	11.8869	5.7E-04	0.159571	0.0465513	11.7501	6.1E-04	11.7888	6.0E-04
rs72840788	10	121415685	1.50658	G	A	0.789118	0.979364	9.51302	2.0E-03	-0.108244	0.0351206	9.49914	2.1E-03	9.49755	2.1E-03
rs17099139	10	121419487	1.50662	C	G	0.727543	0.987408	10.3197	1.3E-03	-0.102309	0.0319813	10.2338	1.4E-03	10.2759	1.3E-03
rs61869036	10	121422836	1.50662	G	C	0.788791	0.991989	9.24107	2.4E-03	-0.106105	0.0348835	9.25187	2.4E-03	9.25539	2.3E-03
rs375034445	10	121424815	1.50663	A	AT	0.791248	0.985187	8.47566	3.6E-03	-0.102452	0.0351063	8.5166	3.5E-03	8.51828	3.5E-03
rs117550412	10	121424962	1.50663	A	T	0.788809	0.993287	9.25959	2.3E-03	-0.106142	0.0348639	9.26879	2.3E-03	9.27274	2.3E-03
rs7095308	10	121426312	1.50663	G	A	0.727626	0.991566	10.6496	1.1E-03	-0.103675	0.0319236	10.547	1.2E-03	10.5895	1.1E-03
rs17617337	10	121426884	1.50663	C	T	0.788825	0.994389	9.26309	2.3E-03	-0.1061	0.0348455	9.27118	2.3E-03	9.27551	2.3E-03
rs2234962	10	121429633	1.50666	T	C	0.788275	1	9.71018	1.8E-03	-0.10819	0.034712	9.71438	1.8E-03	9.72159	1.8E-03
rs72842207	10	121433675	1.50667	C	T	0.788901	0.998405	9.0528	2.6E-03	-0.104624	0.0347879	9.04491	2.6E-03	9.05018	2.6E-03
rs72842211	10	121438211	1.5067	G	T	0.872587	0.992938	7.02685	8.0E-03	-0.112248	0.042686	6.91495	8.5E-03	6.9318	8.5E-03
rs72842212	10	121438212	1.5067	C	T	0.87372	0.980573	7.19484	7.3E-03	-0.114653	0.0430538	7.0916	7.7E-03	7.1136	7.7E-03
rs77784809	10	121442498	1.50673	T	A	0.910522	0.94202	12.9681	3.2E-04	0.184715	0.0515445	12.8422	3.4E-04	12.9129	3.3E-04
rs199559405	10	121490771	1.5071	A	AT	0.922808	0.973975	10.0233	1.5E-03	0.165955	0.0539822	9.45109	2.1E-03	9.52526	2.0E-03
rs11170519	12	53768640	0.678318	C	T	0.570273	0.993764	10.2905	1.3E-03	-0.0952874	0.0286952	11.0269	9.0E-04	11.0033	9.1E-04
rs2047273	18	34184859	0.563794	T	C	0.677564	0.959901	7.10607	7.7E-03	-0.0795114	0.0306087	6.7479	9.4E-03	6.79792	9.1E-03
rs2848907	18	34185248	0.563818	A	G	0.744258	0.96307	8.87726	2.9E-03	-0.0955308	0.032799	8.4833	3.6E-03	8.55614	3.4E-03
rs369533272	18	34185606	0.563822	C	CA	0.771598	0.95343	8.298	4.0E-03	-0.0952424	0.0342233	7.74492	5.4E-03	7.82338	5.2E-03
rs2644257	18	34213453	0.563886	A	G	0.744057	0.985526	8.0671	4.5E-03	-0.0902091	0.0324778	7.71483	5.5E-03	7.77615	5.3E-03
rs2848919	18	34217777	0.563903	C	T	0.797745	0.984704	5.4194	2.0E-02	-0.0803183	0.0352302	5.19755	2.3E-02	5.253	2.2E-02
rs2848918	18	34219126	0.563942	T	G	0.737845	1	8.20175	4.2E-03	-0.0899721	0.0319818	7.91424	4.9E-03	7.9757	4.7E-03
rs2644260	18	34219234	0.563945	G	T	0.74158	0.98262	7.94788	4.8E-03	-0.0894299	0.03246	7.59045	5.9E-03	7.65171	5.7E-03
rs2848917	18	34219235	0.563945	T	C	0.694486	0.979374	6.4337	1.1E-02	-0.0765384	0.0309468	6.11686	1.3E-02	6.14502	1.3E-02
18:34219777_G_GTT	18	34219777	0.563954	G	GTT	0.753613	0.979538	7.25596	7.1E-03	-0.0887649	0.0330665	7.20621	7.3E-03	7.25836	7.1E-03
rs2644261	18	34220491	0.563967	T	C	0.683102	0.991035	7.00937	8.1E-03	-0.0788561	0.0304793	6.69363	9.7E-03	6.71612	9.6E-03
rs2644262	18	34223566	0.563975	T	C	0.730168	0.991007	7.59258	5.9E-03	-0.0865854	0.0319239	7.35629	6.7E-03	7.40831	6.5E-03
rs150696888	18	34225137	0.563979	G	GCTCATGCCTGTAATCCCAGGA	0.734263	0.98497	4.68482	3.0E-02	-0.0685024	0.0321404	4.54264	3.3E-02	4.55195	3.3E-02
rs34457458	18	34226233	0.563981	T	TTA	0.709608	0.983503	6.06557	1.4E-02	-0.077032	0.0313787	6.02659	1.4E-02	6.03209	1.4E-02
rs2848923	18	34226301	0.563981	G	A	0.709437	0.987888	5.44763	2.0E-02	-0.0725127	0.0312826	5.37309	2.0E-02	5.37958	2.0E-02
18:34227482_CCAT_C	18	34227482	0.563984	CCAT	C	0.776562	0.984192	6.3186	1.2E-02	-0.0851024	0.0341016	6.22779	1.3E-02	6.26902	1.2E-02
rs2957176	18	34229559	0.563988	C	T	0.777185	0.987689	7.07176	7.8E-03	-0.0901274	0.0340762	6.99536	8.2E-03	7.04324	8.0E-03
rs2644263	18	34229638	0.563988	C	A	0.777201	0.987661	7.06161	7.9E-03	-0.0901299	0.034082	6.99341	8.2E-03	7.04155	8.0E-03
rs2644266	18	34231270	0.564008	A	G	0.741097	0.990017	6.7058	9.6E-03	-0.0817059	0.0322806	6.40654	1.1E-02	6.45732	1.1E-02
rs34617432	18	34231713	0.564011	C	CA	0.733789	0.938186	5.50173	1.9E-02	-0.0765247	0.0329663	5.38843	2.0E-02	5.43807	2.0E-02
rs2848901	18	34232610	0.564022	C	T	0.720598	0.989527	6.48606	1.1E-02	-0.0792433	0.0316022	6.28768	1.2E-02	6.33165	1.2E-02
rs1893433	18	34232952	0.564028	T	C	0.719495	0.989997	6.43663	1.1E-02	-0.0790725	0.0315737	6.27193	1.2E-02	6.31456	1.2E-02
rs1495900	18	34235656	0.564051	A	G	0.74448	0.991887	4.01946	4.5E-02	-0.0650487	0.0324438	4.01988	4.5E-02	4.04152	4.4E-02
18:34235735_CAA_C	18	34235735	0.564051	CAA	C	0.74995	0.975618	5.44933	2.0E-02	-0.0766064	0.0329879	5.39287	2.0E-02	5.43876	2.0E-02
rs2644267	18	34236026	0.564052	G	A	0.745381	0.991705	4.41274	3.6E-02	-0.0679819	0.0324831	4.37997	3.6E-02	4.40593	3.6E-02
rs2644268	18	34240401	0.564074	G	C	0.739964	0.993166	7.23882	7.1E-03	-0.0850816	0.0321879	6.9869	8.2E-03	7.04548	7.9E-03
rs499715	18	34243902	0.564133	T	G	0.262031	0.995899	7.4198	6.5E-03	0.0862157	0.0320123	7.25339	7.1E-03	7.30303	6.9E-03
rs499906	18	34243972	0.564135	G	T	0.310321	1	5.58506	1.8E-02	0.0705097	0.0303981	5.38028	2.0E-02	5.40507	2.0E-02
rs501740	18	34244174	0.564139	G	T	0.265437	0.993023	7.21778	7.2E-03	0.0844609	0.0319459	6.99006	8.2E-03	7.04809	7.9E-03
rs617207	18	34244842	0.564148	A	G	0.277856	0.990323	3.77879	5.2E-02	0.0618657	0.0314512	3.86925	4.9E-02	3.86523	4.9E-02
rs657171	18	34253625	0.564213	T	C	0.279783	0.985735	3.93842	4.7E-02	0.0629113	0.0314726	3.99568	4.6E-02	3.98959	4.6E-02
rs503274	18	34253745	0.564214	C	T	0.300626	0.985619	6.19268	1.3E-02	0.0767194	0.0307939	6.207	1.3E-02	6.20927	1.3E-02
rs591873	18	34256214	0.564254	A	G	0.289575	0.988955	4.00012	4.5E-02	0.0620542	0.0310339	3.99823	4.6E-02	3.9868	4.6E-02
rs2469881	18	34256593	0.564256	C	A	0.352404	0.983904	5.06026	2.4E-02	0.0661333	0.0296363	4.97957	2.6E-02	4.9936	2.5E-02
18:34261581_AG_A	18	34261581	0.564273	AG	A	0.352625	0.982725	3.71017	5.4E-02	0.0569777	0.0296475	3.69347	5.5E-02	3.70521	5.4E-02
rs671447	18	34262350	0.564274	C	T	0.350583	0.987189	4.54485	3.3E-02	0.0626996	0.0296294	4.47799	3.4E-02	4.49315	3.4E-02
rs658167	18	34263060	0.564276	C	G	0.348859	0.987325	4.69051	3.0E-02	0.0639417	0.0296727	4.6436	3.1E-02	4.65364	3.1E-02
rs491425	18	34263418	0.564276	A	G	0.331306	0.986617	5.34361	2.1E-02	0.0685868	0.0300516	5.20889	2.2E-02	5.22183	2.2E-02
rs627756	18	34265279	0.564279	G	A	0.334078	0.986614	4.80888	2.8E-02	0.0647306	0.0299456	4.67254	3.1E-02	4.68549	3.0E-02
rs138340381	18	34267369	0.564282	C	T	0.985238	0.965907	15.6384	7.7E-05	-0.463174	0.119828	14.9408	1.1E-04	15.0862	1.0E-04
rs671303	18	34269028	0.564296	C	T	0.335343	0.98833	4.84925	2.8E-02	0.0650202	0.0299012	4.72846	3.0E-02	4.74464	2.9E-02
rs500559	18	34270194	0.564301	A	G	0.326268	0.994555	4.61756	3.2E-02	0.0638889	0.0300016	4.53484	3.3E-02	4.5454	3.3E-02
rs502154	18	34270316	0.564302	A	G	0.327135	0.994721	5.22971	2.2E-02	0.0678048	0.0299845	5.11359	2.4E-02	5.12726	2.4E-02
rs644056	18	34270525	0.564304	C	G	0.325428	0.995245	5.3891	2.0E-02	0.0687627	0.0300421	5.23897	2.2E-02	5.25497	2.2E-02
rs527797	18	34270834	0.564309	A	C	0.290373	0.994777	4.32192	3.8E-02	0.0643759	0.0309777	4.31865	3.8E-02	4.3069	3.8E-02
rs536188	18	34271792	0.564315	T	C	0.339855	0.989072	4.60839	3.2E-02	0.0638559	0.0298569	4.57418	3.2E-02	4.58127	3.2E-02
rs628129	18	34271793	0.564315	G	A	0.342438	0.989003	4.7273	3.0E-02	0.0642689	0.0298056	4.6495	3.1E-02	4.6576	3.1E-02
rs561740	18	34272276	0.564315	C	G	0.341669	0.998058	5.21352	2.2E-02	0.0674661	0.0296975	5.16097	2.3E-02	5.17011	2.3E-02
rs479570	18	34273039	0.564316	T	C	0.339096	0.997614	5.37542	2.0E-02	0.0690412	0.0297542	5.38419	2.0E-02	5.39111	2.0E-02
rs561021	18	34278799	0.564321	T	C	0.3382	0.996669	5.46496	1.9E-02	0.0696357	0.0297762	5.46921	1.9E-02	5.47984	1.9E-02
rs4799878	18	34280866	0.564323	C	T	0.661965	0.990954	6.35388	1.2E-02	-0.0746684	0.0298831	6.24341	1.2E-02	6.269	1.2E-02
rs4799426	18	34280891	0.564323	A	G	0.663211	0.991336	5.78898	1.6E-02	-0.0714999	0.0299051	5.71635	1.7E-02	5.73304	1.7E-02
rs4799879	18	34280897	0.564323	G	A	0.660541	0.991198	6.42565	1.1E-02	-0.0749228	0.0298656	6.2934	1.2E-02	6.3199	1.2E-02
rs4799880	18	34281409	0.564324	G	A	0.659612	0.997439	6.42755	1.1E-02	-0.0748311	0.0297141	6.3422	1.2E-02	6.36162	1.2E-02
rs9961386	18	34281671	0.564324	T	G	0.662531	0.996104	5.69542	1.7E-02	-0.0711186	0.0298135	5.69036	1.7E-02	5.701	1.7E-02
rs4799427	18	34282780	0.564327	C	T	0.658935	0.997736	6.26155	1.2E-02	-0.0739108	0.0297185	6.18531	1.3E-02	6.20334	1.3E-02
rs948634	18	34284315	0.56433	T	G	0.659924	0.995433	5.6725	1.7E-02	-0.0703264	0.0297667	5.58183	1.8E-02	5.59181	1.8E-02
rs948635	18	34284447	0.56433	C	G	0.661791	0.995561	5.56369	1.8E-02	-0.0701366	0.0298098	5.53567	1.9E-02	5.54612	1.9E-02
rs9962143	18	34285546	0.564333	C	T	0.661781	0.995228	5.58551	1.8E-02	-0.0702763	0.0298142	5.55613	1.8E-02	5.56667	1.8E-02
rs4799882	18	34286853	0.564336	T	G	0.660835	0.995007	5.55681	1.8E-02	-0.0700369	0.0298112	5.51943	1.9E-02	5.52975	1.9E-02
rs754040	18	34288369	0.564339	A	C	0.656546	0.994937	5.3322	2.1E-02	-0.0679779	0.0296978	5.23946	2.2E-02	5.25134	2.2E-02
rs61735998	18	34289285	0.564341	G	T	0.976369	1	13.1451	2.9E-04	-0.338026	0.0932874	13.1297	2.9E-04	13.1786	2.8E-04
rs16968220	18	34291197	0.564346	C	A	0.658037	0.993747	5.71275	1.7E-02	-0.0701171	0.0297497	5.55499	1.8E-02	5.57071	1.8E-02
rs4603639	18	34292319	0.564359	A	G	0.655254	0.99184	6.03571	1.4E-02	-0.0725284	0.0297266	5.95285	1.5E-02	5.96655	1.5E-02
rs4477795	18	34292366	0.564359	C	T	0.658401	0.993107	5.15137	2.3E-02	-0.066982	0.0297489	5.06962	2.4E-02	5.07985	2.4E-02
rs777349704	18	34293994	0.564378	GTC	G	0.658356	0.988371	5.43819	2.0E-02	-0.0687513	0.0297983	5.32326	2.1E-02	5.34833	2.1E-02
rs12605417	18	34294896	0.564385	C	T	0.660616	0.991733	5.71075	1.7E-02	-0.0703688	0.0298248	5.5668	1.8E-02	5.57974	1.8E-02
rs3809994	18	34297753	0.564397	C	T	0.611792	0.978261	6.10841	1.3E-02	-0.0720087	0.0291633	6.0967	1.4E-02	6.07769	1.4E-02
rs7240383	18	34298732	0.5644	G	C	0.656988	0.992476	7.3662	6.6E-03	-0.07904	0.0297193	7.07319	7.8E-03	7.09345	7.7E-03
rs11081961	18	34299071	0.5644	T	A	0.660879	0.991475	6.86979	8.8E-03	-0.0772642	0.02984	6.70439	9.6E-03	6.71477	9.6E-03
rs778650703	18	34299383	0.564401	CT	C	0.659065	0.991803	7.52444	6.1E-03	-0.0802735	0.0297633	7.27416	7.0E-03	7.29634	6.9E-03
rs11081962	18	34299757	0.564402	G	A	0.662904	0.99074	6.39037	1.1E-02	-0.0750188	0.0299282	6.28317	1.2E-02	6.2899	1.2E-02
rs1365509	18	34299774	0.564402	A	G	0.66293	0.990287	6.45635	1.1E-02	-0.0754093	0.0299333	6.34658	1.2E-02	6.3546	1.2E-02
rs11081963	18	34300190	0.564403	G	A	0.663276	0.99093	6.24674	1.2E-02	-0.0741095	0.0298898	6.14756	1.3E-02	6.15485	1.3E-02
rs9956820	18	34301780	0.564407	A	T	0.656897	0.991427	7.76417	5.3E-03	-0.081043	0.0297391	7.42635	6.4E-03	7.44975	6.3E-03
rs4371230	18	34309634	0.56442	G	A	0.658799	0.992095	7.93301	4.9E-03	-0.082407	0.0298348	7.62923	5.7E-03	7.65411	5.7E-03
rs9962453	18	34309966	0.56442	C	T	0.659384	0.992368	7.97537	4.7E-03	-0.08257	0.0298265	7.6637	5.6E-03	7.68894	5.6E-03
rs3744903	18	34310668	0.564421	C	T	0.663782	0.992022	6.54442	1.1E-02	-0.0759794	0.0299347	6.44231	1.1E-02	6.45036	1.1E-02
rs4799883	18	34311291	0.564422	G	A	0.658719	0.992183	7.65226	5.7E-03	-0.080873	0.029838	7.34628	6.7E-03	7.37083	6.6E-03
rs879567	18	34311643	0.564424	A	G	0.659184	0.990985	7.52003	6.1E-03	-0.080282	0.0298664	7.22553	7.2E-03	7.24995	7.1E-03
rs879568	18	34311659	0.564425	G	C	0.659177	0.991028	7.51516	6.1E-03	-0.0802529	0.0298653	7.22084	7.2E-03	7.24514	7.1E-03
rs9959105	18	34312289	0.564426	G	A	0.671921	0.986045	6.09443	1.4E-02	-0.0726449	0.0301884	5.79067	1.6E-02	5.81459	1.6E-02
rs9958934	18	34312290	0.564426	C	T	0.671909	0.98607	6.09469	1.4E-02	-0.072644	0.0301879	5.79074	1.6E-02	5.81475	1.6E-02
rs4799884	18	34313301	0.564428	G	A	0.678121	0.994568	7.96974	4.8E-03	-0.0841921	0.030224	7.75961	5.3E-03	7.77771	5.3E-03
rs4799885	18	34313674	0.564429	C	T	0.677578	0.994348	8.4525	3.6E-03	-0.0868075	0.0302315	8.24506	4.1E-03	8.26489	4.0E-03
rs4799432	18	34315042	0.564432	C	T	0.682453	0.994451	6.63509	1.0E-02	-0.0781072	0.0303422	6.62655	1.0E-02	6.62672	1.0E-02
rs873201	18	34315475	0.564433	C	T	0.677674	0.99472	8.3945	3.8E-03	-0.0865366	0.0302292	8.19494	4.2E-03	8.21354	4.2E-03
rs12604388	18	34315711	0.564434	C	T	0.678592	0.995029	8.07768	4.5E-03	-0.0849814	0.0302183	7.90874	4.9E-03	7.92318	4.9E-03
rs8089337	18	34316100	0.564434	G	A	0.677673	0.9948	8.40877	3.7E-03	-0.0865571	0.0302239	8.20173	4.2E-03	8.2215	4.1E-03
rs4346268	18	34316204	0.564435	C	A	0.677645	0.994695	8.39403	3.8E-03	-0.0864864	0.030227	8.18666	4.2E-03	8.20638	4.2E-03
rs4799886	18	34318747	0.56444	G	C	0.675886	0.995092	8.20158	4.2E-03	-0.0854967	0.0301478	8.04244	4.6E-03	8.061	4.5E-03
rs4799887	18	34319157	0.564441	C	T	0.679185	0.996248	8.0693	4.5E-03	-0.085033	0.0301892	7.93363	4.9E-03	7.94688	4.8E-03
rs9959091	18	34319676	0.564442	C	T	0.677305	0.995051	8.47935	3.6E-03	-0.0869121	0.0301979	8.2834	4.0E-03	8.30312	4.0E-03
18:34321735_TA_T	18	34321735	0.564451	TA	T	0.67819	0.992421	7.53323	6.1E-03	-0.0819416	0.030242	7.34156	6.7E-03	7.36417	6.7E-03
rs11660290	18	34321757	0.564451	G	T	0.677835	0.995718	8.48276	3.6E-03	-0.0868247	0.0301865	8.27293	4.0E-03	8.29418	4.0E-03
rs11878091	18	34323855	0.564462	T	C	0.67704	0.999612	8.06964	4.5E-03	-0.0846128	0.0300281	7.93992	4.8E-03	7.95804	4.8E-03
rs2303510	18	34324091	0.564464	G	A	0.677411	1	8.003	4.7E-03	-0.084322	0.0300567	7.87045	5.0E-03	7.88954	5.0E-03
rs2303509	18	34324190	0.564464	C	T	0.680495	0.998846	6.70374	9.6E-03	-0.0783101	0.0301394	6.75099	9.4E-03	6.75409	9.4E-03
