rs3791679	2	56096892	0.832493	A	G	0.772277	1	32.6548	1.1E-08	-0.0108374	0.00194813	30.9465	2.7E-08	30.6347	3.1E-08
rs59985551	2	56106928	0.832517	C	T	0.772735	0.998291	33.1399	8.6E-09	-0.0109325	0.00194969	31.442	2.1E-08	31.1348	2.4E-08
rs1173771	5	32815028	0.512395	A	G	0.396937	1	30.4218	3.5E-08	-0.00931712	0.00166655	31.2554	2.3E-08	30.7992	2.9E-08
rs9292468	5	32819073	0.512407	T	C	0.398115	0.997173	30.191	3.9E-08	-0.00928486	0.00166729	31.0118	2.6E-08	30.573	3.2E-08
rs2193951	5	32820552	0.51241	T	G	0.397561	0.996769	29.39	5.9E-08	-0.00917488	0.0016679	30.2595	3.8E-08	29.7851	4.8E-08
rs2193950	5	32820553	0.51241	T	C	0.397558	0.996788	29.3908	5.9E-08	-0.00917505	0.00166789	30.2609	3.8E-08	29.7869	4.8E-08
rs1177764	5	32829975	0.512442	C	G	0.400651	0.998912	31.2818	2.2E-08	-0.00947649	0.00166458	32.4105	1.2E-08	31.9576	1.6E-08
rs1173727	5	32830521	0.512447	T	C	0.400567	1	31.5052	2.0E-08	-0.00950209	0.00166378	32.6173	1.1E-08	32.1552	1.4E-08
rs13154066	5	32831670	0.512468	T	C	0.402345	0.996868	31.4342	2.1E-08	-0.0094998	0.00166333	32.6191	1.1E-08	32.1332	1.4E-08
rs12656497	5	32831939	0.512473	T	C	0.402661	0.996299	31.3156	2.2E-08	-0.00949309	0.00166352	32.5654	1.2E-08	32.0574	1.5E-08
rs10059884	5	32832474	0.512473	C	A	0.402809	0.996303	31.0644	2.5E-08	-0.00945269	0.00166345	32.2916	1.3E-08	31.7792	1.7E-08
rs42044	7	92250140	1.08419	T	G	0.730017	0.998139	31.6248	1.9E-08	0.0106297	0.00185267	32.9189	9.6E-09	31.7673	1.7E-08
rs10953072	7	92256339	1.0842	A	C	0.731195	0.997796	31.3779	2.1E-08	0.0105908	0.00185605	32.5594	1.2E-08	31.3427	2.2E-08
rs11767704	7	92256375	1.0842	C	T	0.733878	0.99789	29.928	4.5E-08	0.0104343	0.00186247	31.3868	2.1E-08	29.9911	4.3E-08
rs12531820	7	92257392	1.0842	A	G	0.729917	0.998026	33.2487	8.1E-09	0.0108217	0.00185222	34.1353	5.1E-09	32.967	9.4E-09
rs35489511	7	92257602	1.0842	G	GA	0.729662	0.995966	33.4455	7.3E-09	0.0108587	0.00185337	34.3263	4.7E-09	33.1552	8.5E-09
rs548746162	7	92263789	1.08421	C	CT	0.732704	0.983774	32.4321	1.2E-08	0.0108129	0.00187094	33.4011	7.5E-09	32.0821	1.5E-08
rs2282979	7	92264993	1.08421	T	C	0.732197	0.998603	31.0436	2.5E-08	0.0105702	0.00185566	32.4467	1.2E-08	31.1448	2.4E-08
rs66939011	7	92265798	1.08421	T	C	0.730373	0.998422	31.6036	1.9E-08	0.0106121	0.00185239	32.8201	1.0E-08	31.6395	1.9E-08
