rs2275950	1	26385003	0.494832	T	C	0.784096	1	21.1453	4.3E-06	-0.0275116	0.00604546	20.7097	5.3E-06	21.1778	4.2E-06
rs9489327	6	118561889	1.25335	T	C	0.506061	0.99491	28.3596	1.0E-07	-0.0270381	0.00498424	29.4275	5.8E-08	28.8169	8.0E-08
rs283077	6	118569679	1.25336	T	G	0.497283	0.997891	28.0845	1.2E-07	-0.0267991	0.00498239	28.9312	7.5E-08	28.25	1.1E-07
rs542453036	6	118580806	1.25338	G	GA	0.528706	0.996748	25.4148	4.6E-07	-0.0255524	0.00497823	26.346	2.9E-07	25.8236	3.7E-07
rs731695	6	118588490	1.25338	T	C	0.528911	0.99738	25.5344	4.3E-07	-0.0256129	0.00497606	26.4939	2.6E-07	25.9605	3.5E-07
rs72965660	6	118594621	1.2534	A	G	0.528962	0.995676	26.1694	3.1E-07	-0.0259069	0.00498022	27.0605	2.0E-07	26.5281	2.6E-07
rs7452622	6	118598297	1.25342	A	C	0.531133	0.994856	26.8153	2.2E-07	-0.0262273	0.00498391	27.6927	1.4E-07	27.0881	1.9E-07
rs11758375	6	118603770	1.25342	T	C	0.530931	0.994377	26.4015	2.8E-07	-0.0260423	0.00498458	27.2962	1.7E-07	26.6981	2.4E-07
rs6927800	6	118604122	1.25342	C	G	0.530936	0.9944	26.4163	2.8E-07	-0.0260498	0.00498455	27.3121	1.7E-07	26.7154	2.4E-07
rs2065021	6	118613298	1.25345	T	A	0.529392	0.987484	25.1691	5.3E-07	-0.0255893	0.00500317	26.1592	3.1E-07	25.6133	4.2E-07
rs4294041	6	118618638	1.25347	A	G	0.568149	0.991667	21.6946	3.2E-06	-0.0240061	0.0050231	22.8401	1.8E-06	22.4176	2.2E-06
6:118627371_CT_C	6	118627371	1.25348	CT	C	0.522572	0.988014	20.1074	7.3E-06	-0.0230381	0.00500579	21.181	4.2E-06	20.5378	5.8E-06
rs6940985	6	118627504	1.25348	T	G	0.522726	0.990452	20.9268	4.8E-06	-0.0234911	0.00500067	22.0674	2.6E-06	21.4755	3.6E-06
rs11968293	6	118634698	1.2535	A	C	0.493027	0.989803	21.3801	3.8E-06	-0.0235088	0.00498727	22.2195	2.4E-06	21.7149	3.2E-06
rs1572226	6	118635079	1.25351	C	G	0.493054	0.989848	21.3059	3.9E-06	-0.0234707	0.00498744	22.1461	2.5E-06	21.6393	3.3E-06
rs381999	6	118636793	1.25354	G	A	0.329023	0.978303	24.7161	6.6E-07	-0.0268	0.00531165	25.4572	4.5E-07	24.8096	6.3E-07
rs72967533	6	118655020	1.25357	T	C	0.518164	0.99168	24.2303	8.5E-07	-0.0249488	0.00499301	24.9675	5.8E-07	24.4922	7.5E-07
rs4945621	6	118658256	1.25359	T	G	0.367374	0.989956	25.0409	5.6E-07	-0.0259584	0.00516274	25.2812	5.0E-07	24.9878	5.8E-07
rs11153730	6	118667522	1.25372	T	C	0.509914	1	22.039	2.7E-06	-0.0238082	0.00497362	22.9144	1.7E-06	22.2679	2.4E-06
rs937277	6	118673075	1.25373	G	T	0.359234	0.996866	24.3145	8.2E-07	-0.0256882	0.00516922	24.6956	6.7E-07	24.2188	8.6E-07
rs1761631	6	118676884	1.25374	A	T	0.359242	0.996512	24.2668	8.4E-07	-0.0256691	0.0051696	24.6551	6.9E-07	24.1754	8.8E-07
rs3047902	6	118677561	1.25377	A	ATTAG	0.359123	0.992317	23.4412	1.3E-06	-0.0252397	0.00518008	23.7409	1.1E-06	23.2549	1.4E-06
rs1743241	6	118679974	1.25386	G	A	0.434744	0.991577	17.6401	2.7E-05	-0.0217093	0.00503439	18.5952	1.6E-05	17.6873	2.6E-05
rs1690673	6	118680281	1.25387	C	G	0.302593	0.992536	19.5383	9.9E-06	-0.024279	0.00542203	20.0511	7.5E-06	19.2587	1.1E-05
rs11970286	6	118680374	1.25388	C	T	0.546151	1	24.1469	8.9E-07	-0.0253757	0.00499815	25.7762	3.8E-07	24.8377	6.2E-07
rs6569013	6	118681328	1.25389	G	T	0.577587	0.997433	17.8371	2.4E-05	0.0217379	0.00504608	18.5578	1.6E-05	17.6979	2.6E-05
rs9374728	6	118682621	1.25389	A	G	0.575353	0.997897	17.9903	2.2E-05	0.0218509	0.00504181	18.783	1.5E-05	17.8851	2.3E-05
rs9489355	6	118685314	1.2539	A	G	0.425513	0.999656	18.8375	1.4E-05	-0.022309	0.00503344	19.6441	9.3E-06	18.7568	1.5E-05
rs9320648	6	118690014	1.2539	A	C	0.425538	0.999684	18.8805	1.4E-05	-0.0223304	0.00503346	19.6815	9.1E-06	18.7904	1.5E-05
rs7764272	6	118692498	1.25391	A	C	0.425504	0.999325	18.8103	1.4E-05	-0.0223007	0.00503385	19.6263	9.4E-06	18.7354	1.5E-05
rs7764280	6	118692514	1.25391	A	G	0.425502	0.999346	18.8266	1.4E-05	-0.0223118	0.00503393	19.6452	9.3E-06	18.7567	1.5E-05
rs7453914	6	118692981	1.25391	A	T	0.42542	0.998865	18.8896	1.4E-05	-0.0223529	0.00503517	19.7079	9.0E-06	18.8171	1.4E-05
rs9320649	6	118693665	1.25392	G	A	0.425444	0.998366	18.9757	1.3E-05	-0.0223987	0.00503656	19.7778	8.7E-06	18.8846	1.4E-05
rs57912492	6	118702621	1.25397	C	T	0.57687	0.993766	22.5147	2.1E-06	-0.0247698	0.0050602	23.9612	9.8E-07	22.907	1.7E-06
rs56403768	6	118703534	1.25398	T	C	0.577078	0.992526	22.2695	2.4E-06	-0.0246402	0.00506341	23.6811	1.1E-06	22.6488	1.9E-06
rs2078079	6	118705213	1.254	G	A	0.461198	0.993945	18.0296	2.2E-05	-0.0218185	0.00501824	18.9038	1.4E-05	17.9286	2.3E-05
rs2078383	6	118706643	1.25401	C	T	0.549809	0.993945	20.683	5.4E-06	-0.0235453	0.00501409	22.0509	2.7E-06	21.1402	4.3E-06
rs375396927	6	118714230	1.25404	C	CAA	0.549454	0.99585	21.6512	3.3E-06	-0.0240154	0.00500778	22.9978	1.6E-06	22.0511	2.7E-06
rs17226667	6	118721628	1.25404	A	G	0.544801	0.996808	19.4308	1.0E-05	-0.0228866	0.00500073	20.9457	4.7E-06	19.9936	7.8E-06
rs17227124	6	118741382	1.25404	T	C	0.544835	0.997446	19.7516	8.8E-06	-0.0229836	0.00499725	21.153	4.2E-06	20.2144	6.9E-06
rs56399949	6	118756988	1.25404	A	G	0.545225	0.997365	18.8818	1.4E-05	-0.0225565	0.00499841	20.3647	6.4E-06	19.4178	1.1E-05
rs17825393	6	118772583	1.25404	T	C	0.545144	0.997469	18.8312	1.4E-05	-0.0225534	0.00499968	20.3487	6.5E-06	19.3858	1.1E-05
rs11752626	6	118788652	1.25404	G	T	0.543722	0.99741	18.4707	1.7E-05	-0.022274	0.00499541	19.8817	8.2E-06	18.9411	1.3E-05
rs17825652	6	118788986	1.25404	G	A	0.544982	0.997479	18.7786	1.5E-05	-0.0224755	0.00499752	20.226	6.9E-06	19.2839	1.1E-05
rs78757409	6	118789259	1.25404	C	T	0.543722	0.997428	18.4884	1.7E-05	-0.0222843	0.00499533	19.9007	8.2E-06	18.9601	1.3E-05
rs11965985	6	118789834	1.25405	T	C	0.543668	0.997416	18.8123	1.4E-05	-0.0224811	0.00499584	20.2498	6.8E-06	19.2957	1.1E-05
rs12661338	6	118794690	1.25405	C	A	0.546233	0.996713	19.1742	1.2E-05	-0.0227559	0.00500122	20.7032	5.4E-06	19.7087	9.0E-06
rs4307206	6	118813320	1.25407	C	A	0.543674	0.997027	18.7192	1.5E-05	-0.0224269	0.00499749	20.1388	7.2E-06	19.1881	1.2E-05
rs11967375	6	118823975	1.25407	A	G	0.54466	0.997423	19.5174	1.0E-05	-0.022849	0.00499831	20.8973	4.8E-06	19.9672	7.9E-06
rs11967858	6	118835543	1.2541	C	T	0.545224	0.997802	18.5059	1.7E-05	-0.0223282	0.00499949	19.9459	8.0E-06	18.9904	1.3E-05
rs113127380	6	118837268	1.2541	T	C	0.544047	0.998091	18.4049	1.8E-05	-0.0222348	0.00499601	19.807	8.6E-06	18.8546	1.4E-05
rs111233522	6	118839081	1.2541	C	G	0.543596	0.998191	19.5561	9.8E-06	-0.0228099	0.00499412	20.8606	4.9E-06	19.9167	8.1E-06
rs11760114	6	118839487	1.2541	C	T	0.543493	0.998217	19.4339	1.0E-05	-0.0227489	0.00499437	20.7471	5.2E-06	19.8103	8.6E-06
rs11758454	6	118848799	1.2541	A	C	0.548503	0.997477	19.6521	9.3E-06	-0.0230593	0.00500281	21.2453	4.0E-06	20.2372	6.8E-06
rs2356497	6	118876539	1.25412	C	T	0.543748	0.999078	19.3082	1.1E-05	-0.0226754	0.00499305	20.6242	5.6E-06	19.7247	8.9E-06
rs72952771	6	118883817	1.25412	C	T	0.544325	0.998809	18.6085	1.6E-05	-0.0223418	0.00499536	20.0033	7.7E-06	19.0984	1.2E-05
rs763254	6	118886615	1.25412	T	C	0.543805	0.999097	19.2633	1.1E-05	-0.022654	0.00499283	20.5871	5.7E-06	19.691	9.1E-06
rs35029749	6	118892120	1.25412	A	C	0.542105	0.998495	17.2723	3.2E-05	-0.0215786	0.00499348	18.6742	1.6E-05	17.8266	2.4E-05
rs72952795	6	118894271	1.25412	G	T	0.542191	0.998789	17.2593	3.3E-05	-0.0215686	0.00499299	18.6605	1.6E-05	17.8141	2.4E-05
rs11968176	6	118900940	1.25412	C	A	0.542093	0.998845	17.2873	3.2E-05	-0.021579	0.00499258	18.6815	1.5E-05	17.8442	2.4E-05
rs749703442	6	118933064	1.25414	AG	A	0.541727	0.993261	17.2323	3.3E-05	-0.0215804	0.0050054	18.5883	1.6E-05	17.6634	2.6E-05
rs7761131	6	118936032	1.25414	T	C	0.558281	0.838096	20.2277	6.9E-06	-0.025356	0.00548617	21.361	3.8E-06	20.5852	5.7E-06
rs6569024	6	118953374	1.25415	G	A	0.542298	0.996831	17.4522	2.9E-05	-0.021688	0.00499886	18.8234	1.4E-05	17.9903	2.2E-05
rs6906287	6	118962740	1.25416	T	C	0.541773	0.996922	18.0228	2.2E-05	-0.0219608	0.00499828	19.3043	1.1E-05	18.4449	1.7E-05
rs11752928	6	118977768	1.25418	C	G	0.541924	0.994087	18.3172	1.9E-05	-0.022129	0.00500376	19.5583	9.8E-06	18.7187	1.5E-05
6:118978895_GC_G	6	118978895	1.25418	GC	G	0.541932	0.99156	18.13	2.1E-05	-0.0220702	0.00500982	19.4073	1.1E-05	18.551	1.7E-05
rs4945623	6	118980556	1.25418	G	C	0.541926	0.994058	18.3335	1.9E-05	-0.0221378	0.00500375	19.5739	9.7E-06	18.7341	1.5E-05
rs72958930	6	118983681	1.25418	G	C	0.541964	0.993883	18.2457	1.9E-05	-0.0220805	0.00500427	19.4687	1.0E-05	18.6343	1.6E-05
rs17427116	6	118986198	1.25418	G	A	0.54143	0.993898	17.3245	3.2E-05	-0.0214961	0.00500407	18.4532	1.7E-05	17.6448	2.7E-05
rs11153768	6	118988152	1.25418	C	T	0.541595	0.993552	17.0837	3.6E-05	-0.0213722	0.00500454	18.2377	1.9E-05	17.4233	3.0E-05
rs10872167	6	118988362	1.25418	A	G	0.541488	0.99358	17.2784	3.2E-05	-0.0214735	0.00500455	18.411	1.8E-05	17.6026	2.7E-05
rs11756438	6	118993632	1.25423	C	A	0.527044	0.988863	21.5973	3.4E-06	-0.0236048	0.0050011	22.2777	2.4E-06	21.5879	3.4E-06
rs11756440	6	118993642	1.25423	C	A	0.527168	0.988521	21.6287	3.3E-06	-0.0236239	0.00500182	22.3074	2.3E-06	21.6346	3.3E-06
rs760449872	6	119001872	1.25426	TC	T	0.608607	0.97424	27.9632	1.2E-07	-0.0276299	0.00514191	28.8742	7.7E-08	27.9452	1.2E-07
rs114681657	6	119001875	1.25426	A	T	0.599914	0.995228	27.5618	1.5E-07	-0.0270382	0.00507318	28.4051	9.8E-08	27.4678	1.6E-07
rs17349329	6	119002644	1.25426	T	G	0.599616	0.996494	27.4633	1.6E-07	-0.0269701	0.00506858	28.3135	1.0E-07	27.3814	1.7E-07
rs11754023	6	119005785	1.25426	T	C	0.599648	0.995937	27.3802	1.7E-07	-0.0269392	0.00506963	28.2369	1.1E-07	27.3039	1.7E-07
rs6937176	6	119007308	1.25427	A	G	0.599609	0.994945	27.2451	1.8E-07	-0.0268758	0.00506991	28.1012	1.2E-07	27.1744	1.9E-07
rs72962906	6	119008305	1.25427	C	T	0.599658	0.995106	27.3137	1.7E-07	-0.0268968	0.00506991	28.145	1.1E-07	27.2242	1.8E-07
rs60497831	6	119009327	1.25427	G	A	0.599667	0.995118	27.3303	1.7E-07	-0.0269044	0.00506983	28.1618	1.1E-07	27.2405	1.8E-07
rs6911599	6	119009913	1.25427	A	G	0.488211	0.997438	33.1645	8.5E-09	0.0290527	0.00499156	33.8766	5.9E-09	32.7327	1.1E-08
rs56344535	6	119011263	1.25427	T	C	0.621486	0.994365	27.5897	1.5E-07	-0.0275539	0.00512748	28.8774	7.7E-08	27.813	1.3E-07
rs4946356	6	119020195	1.2543	G	A	0.577558	0.986205	27.8844	1.3E-07	-0.0270861	0.00505858	28.6705	8.6E-08	27.7007	1.4E-07
rs2046951	6	119021888	1.25431	T	C	0.577776	0.98423	27.696	1.4E-07	-0.0270454	0.00506418	28.5212	9.3E-08	27.5629	1.5E-07
rs1919865	6	122121005	1.27122	A	T	0.864473	0.979952	17.6997	2.6E-05	0.0300855	0.00738363	16.6025	4.6E-05	16.7914	4.2E-05
rs10261575	7	11225216	0.204864	T	C	0.815172	0.988122	19.421	1.0E-05	-0.0279504	0.00640919	19.0182	1.3E-05	18.9638	1.3E-05
rs12540248	7	11225713	0.204898	A	T	0.795831	0.988733	19.9078	8.1E-06	-0.0270748	0.00619456	19.1033	1.2E-05	19.0607	1.3E-05
rs6488162	12	33593127	0.545896	T	C	0.437266	0.985576	29.5627	5.4E-08	-0.0278002	0.00509677	29.7512	4.9E-08	29.3444	6.1E-08
rs1482993	12	33594515	0.545902	G	A	0.46191	0.99681	26.1205	3.2E-07	-0.0258587	0.00504755	26.2454	3.0E-07	26.0409	3.3E-07
12:33598072_AC_A	12	33598072	0.545913	AC	A	0.461712	0.996009	26.4192	2.7E-07	-0.0259931	0.00504938	26.4998	2.6E-07	26.3147	2.9E-07
rs10634366	12	33598379	0.545914	C	CATT	0.461503	0.994926	26.3604	2.8E-07	-0.0259623	0.00505175	26.412	2.8E-07	26.2449	3.0E-07
rs1351683	12	33598563	0.545915	G	A	0.461893	0.997645	26.255	3.0E-07	-0.0259084	0.00504414	26.3819	2.8E-07	26.169	3.1E-07
rs1351682	12	33598775	0.545915	G	A	0.462404	0.997543	26.3109	2.9E-07	-0.0259347	0.00504311	26.4464	2.7E-07	26.2252	3.0E-07
rs4931719	12	33602986	0.545917	G	A	0.463452	0.996997	24.8381	6.2E-07	-0.0252771	0.00504719	25.0816	5.5E-07	24.8578	6.2E-07
rs10844611	12	33603544	0.545917	T	C	0.463732	0.996966	24.9432	5.9E-07	-0.0253254	0.00504623	25.1872	5.2E-07	24.9589	5.9E-07
rs10844612	12	33603676	0.545918	T	C	0.463174	0.997023	24.8569	6.2E-07	-0.0252786	0.00504778	25.0787	5.5E-07	24.8617	6.2E-07
rs369941489	12	33603813	0.545918	T	TA	0.466989	0.988325	24.9966	5.7E-07	-0.0253196	0.00506127	25.0261	5.7E-07	24.8426	6.2E-07
rs10844613	12	33605362	0.545918	A	G	0.459613	0.985751	23.7463	1.1E-06	-0.0248146	0.00507833	23.8765	1.0E-06	23.6751	1.1E-06
rs10844614	12	33605702	0.545919	A	C	0.458419	0.991056	23.5749	1.2E-06	-0.0247142	0.00506723	23.7876	1.1E-06	23.6074	1.2E-06
rs1601007	12	33609675	0.545921	G	C	0.462936	0.992769	25.209	5.1E-07	-0.0255242	0.00505839	25.4613	4.5E-07	25.2264	5.1E-07
rs57768359	12	33610918	0.545921	A	AGATAAAATGAAAGG	0.468265	0.979231	24.6159	7.0E-07	-0.0253438	0.005086	24.8308	6.3E-07	24.574	7.2E-07
rs1601008	12	33611352	0.545921	A	G	0.462748	0.993438	25.1895	5.2E-07	-0.0255032	0.00505655	25.4379	4.6E-07	25.203	5.2E-07
rs1842885	12	33613317	0.545922	A	G	0.462746	0.993422	25.1933	5.2E-07	-0.0255054	0.00505656	25.4422	4.6E-07	25.2073	5.1E-07
rs1482987	12	33614283	0.545923	G	C	0.462877	0.993366	25.2015	5.2E-07	-0.0255094	0.00505657	25.4501	4.5E-07	25.2159	5.1E-07
rs1447873	12	33615236	0.545923	A	G	0.463931	0.997071	25.6718	4.0E-07	-0.0256351	0.00504496	25.8199	3.7E-07	25.6162	4.2E-07
rs1580396	12	33615841	0.545924	C	A	0.464236	0.996886	25.2982	4.9E-07	-0.0254732	0.00504659	25.4783	4.5E-07	25.2576	5.0E-07
rs2200156	12	33618048	0.545925	C	A	0.463826	0.996635	25.6985	4.0E-07	-0.0256531	0.00504601	25.8453	3.7E-07	25.6403	4.1E-07
rs1384598	12	33622899	0.545929	T	A	0.463851	0.99674	25.7358	3.9E-07	-0.0256722	0.00504578	25.8863	3.6E-07	25.682	4.0E-07
rs10161311	12	33623204	0.545929	G	A	0.463218	0.996826	24.939	5.9E-07	-0.0253259	0.00504781	25.1724	5.2E-07	24.9581	5.9E-07
rs10161491	12	33623806	0.54593	T	C	0.463407	0.996921	25.0071	5.7E-07	-0.0253597	0.0050476	25.2416	5.1E-07	25.0299	5.6E-07
rs1384599	12	33624579	0.54593	G	A	0.463352	0.99707	24.9588	5.9E-07	-0.0253334	0.00504715	25.1939	5.2E-07	24.9804	5.8E-07
rs10844618	12	33625010	0.545931	A	G	0.463926	0.996763	25.6902	4.0E-07	-0.0256496	0.0050457	25.8415	3.7E-07	25.6373	4.1E-07
rs12319055	12	33626509	0.545933	C	T	0.464063	0.996574	25.5427	4.3E-07	-0.0255769	0.00504564	25.6959	4.0E-07	25.4885	4.5E-07
rs11052722	12	33626530	0.545933	G	A	0.484743	0.996265	21.4084	3.7E-06	-0.0232879	0.00502487	21.4789	3.6E-06	21.1488	4.2E-06
rs1601006	12	33629519	0.545936	C	T	0.463976	0.993976	25.2551	5.0E-07	-0.0255429	0.00505502	25.5326	4.3E-07	25.3098	4.9E-07
12:33631665_GA_G	12	33631665	0.545944	GA	G	0.46474	0.991074	24.4366	7.7E-07	-0.0251571	0.0050642	24.6775	6.8E-07	24.5133	7.4E-07
rs61927702	12	33631695	0.545944	A	G	0.464437	0.994942	25.2993	4.9E-07	-0.025545	0.00505174	25.57	4.3E-07	25.3445	4.8E-07
rs7303356	12	33633599	0.545951	G	C	0.484446	0.997021	20.7987	5.1E-06	-0.0230024	0.00502479	20.9561	4.7E-06	20.6195	5.6E-06
rs1601005	12	33634658	0.545954	A	G	0.463715	0.99735	25.1491	5.3E-07	-0.0254272	0.00504543	25.398	4.7E-07	25.1774	5.2E-07
rs7138529	12	33634855	0.545955	T	C	0.463149	0.99736	25.0488	5.6E-07	-0.0253824	0.00504665	25.2965	4.9E-07	25.0806	5.5E-07
rs10437795	12	33635336	0.545958	C	G	0.463207	0.99759	25.0725	5.5E-07	-0.0254023	0.00504622	25.3404	4.8E-07	25.1209	5.4E-07
rs7311794	12	33635630	0.54596	C	T	0.463977	0.997578	25.9623	3.5E-07	-0.0257592	0.00504324	26.0882	3.3E-07	25.8899	3.6E-07
rs1839061	12	33646586	0.545978	C	A	0.457757	0.999003	25.3573	4.8E-07	-0.0255003	0.00504385	25.5604	4.3E-07	25.3213	4.9E-07
rs1839062	12	33646892	0.545978	G	A	0.457708	0.998869	25.3791	4.7E-07	-0.0255194	0.00504458	25.5912	4.2E-07	25.3484	4.8E-07
rs2389214	12	33647406	0.545978	C	A	0.457732	0.999053	25.3608	4.8E-07	-0.0255003	0.00504366	25.5623	4.3E-07	25.3246	4.8E-07
rs4348988	12	33647529	0.545978	A	T	0.45773	0.999072	25.3519	4.8E-07	-0.0254966	0.00504364	25.555	4.3E-07	25.317	4.9E-07
rs2200159	12	33648544	0.545979	G	C	0.457905	0.9991	25.5184	4.4E-07	-0.0255786	0.00504316	25.7245	3.9E-07	25.4843	4.5E-07
rs2220059	12	33648630	0.545979	C	T	0.4579	0.999116	25.5366	4.3E-07	-0.0255873	0.00504312	25.7424	3.9E-07	25.5022	4.4E-07
rs11535974	12	33649029	0.545979	A	G	0.457924	0.999146	25.5295	4.4E-07	-0.0255822	0.00504272	25.7364	3.9E-07	25.4923	4.4E-07
rs11559754	12	33649229	0.545979	G	A	0.457895	0.999091	25.5562	4.3E-07	-0.0255957	0.00504321	25.7585	3.9E-07	25.519	4.4E-07
rs2389215	12	33649457	0.545979	C	T	0.457896	0.999096	25.5582	4.3E-07	-0.0255966	0.0050432	25.7604	3.9E-07	25.5209	4.4E-07
rs2220060	12	33650463	0.545979	G	A	0.457749	0.999031	25.347	4.8E-07	-0.0254927	0.00504324	25.5513	4.3E-07	25.3091	4.9E-07
rs11052731	12	33651637	0.54598	G	A	0.457987	0.998909	25.517	4.4E-07	-0.0255793	0.00504326	25.7249	3.9E-07	25.4813	4.5E-07
rs7972688	12	33653477	0.545981	T	C	0.457013	0.999146	25.2242	5.1E-07	-0.025486	0.00504505	25.5196	4.4E-07	25.2541	5.0E-07
rs746639169	12	33654263	0.545981	CCTTT	C	0.458309	0.997606	25.5086	4.4E-07	-0.0255814	0.00504559	25.7054	4.0E-07	25.4649	4.5E-07
rs756950281	12	33654438	0.545981	TTTAA	T	0.455858	0.995321	24.9957	5.7E-07	-0.0253352	0.00505277	25.1415	5.3E-07	24.9327	5.9E-07
12:33654815_CA_C	12	33654815	0.545981	CA	C	0.457909	0.990204	25.2777	5.0E-07	-0.0256312	0.00506994	25.5584	4.3E-07	25.284	4.9E-07
rs7965096	12	33655082	0.545981	A	G	0.457831	0.998727	25.3986	4.7E-07	-0.0255165	0.0050436	25.5953	4.2E-07	25.3573	4.8E-07
rs2084391	12	33655419	0.545982	C	T	0.45786	0.998853	25.5674	4.3E-07	-0.0256054	0.00504356	25.7745	3.8E-07	25.5301	4.4E-07
rs11052732	12	33657801	0.545985	A	G	0.456063	0.998895	25.307	4.9E-07	-0.0255567	0.00505026	25.6084	4.2E-07	25.348	4.8E-07
rs10772088	12	33663849	0.545998	A	T	0.456719	0.999565	25.25	5.0E-07	-0.0255047	0.0050461	25.5464	4.3E-07	25.2878	4.9E-07
rs11052736	12	33669583	0.546001	T	C	0.543198	1	25.0295	5.6E-07	0.0253845	0.00504445	25.3227	4.8E-07	25.0682	5.5E-07
rs138585668	12	33677966	0.54601	T	C	0.543192	0.998807	24.8487	6.2E-07	0.0253213	0.0050485	25.1563	5.3E-07	24.8898	6.1E-07
rs763086362	12	33680233	0.546013	CA	C	0.542737	0.998487	24.6901	6.7E-07	0.0252089	0.00504495	24.9686	5.8E-07	24.7079	6.7E-07
rs2389218	12	33680929	0.546014	C	A	0.543338	0.999118	25.1655	5.3E-07	0.0254566	0.00504753	25.4357	4.6E-07	25.1656	5.3E-07
rs1994135	12	33682405	0.546016	T	C	0.521763	0.997936	20.6268	5.6E-06	0.0228592	0.00502057	20.7308	5.3E-06	20.3681	6.4E-06
rs12819439	12	33684509	0.546019	A	C	0.54356	0.99862	25.0145	5.7E-07	0.0253817	0.00504915	25.2699	5.0E-07	25.002	5.7E-07
rs12820541	12	33684754	0.54602	G	A	0.543456	0.9986	24.7914	6.4E-07	0.0252519	0.00504799	25.0236	5.7E-07	24.7553	6.5E-07
rs1601003	12	33689436	0.546028	A	T	0.543192	0.998206	25.061	5.6E-07	0.0253854	0.00504897	25.2792	5.0E-07	25.0119	5.7E-07
rs1482983	12	33690326	0.546038	A	C	0.543399	0.997755	25.1277	5.4E-07	0.0254408	0.00505127	25.3665	4.7E-07	25.0946	5.5E-07
rs2848907	18	34185248	0.563818	A	G	0.738634	0.96307	20.9837	4.6E-06	-0.0268289	0.0057758	21.5765	3.4E-06	21.1359	4.3E-06
rs369533272	18	34185606	0.563822	C	CA	0.766999	0.95343	21.6919	3.2E-06	-0.028209	0.00602749	21.903	2.9E-06	21.4087	3.7E-06
rs2644257	18	34213453	0.563886	A	G	0.738093	0.985526	19.7248	8.9E-06	-0.0256174	0.00571027	20.1259	7.3E-06	19.8403	8.4E-06
rs2848919	18	34217777	0.563903	C	T	0.79121	0.984704	19.5721	9.7E-06	-0.0273218	0.00615857	19.6815	9.1E-06	19.2635	1.1E-05
rs2848918	18	34219126	0.563942	T	G	0.73301	1	20.3088	6.6E-06	-0.0257205	0.00564234	20.7797	5.2E-06	20.4882	6.0E-06
rs2848917	18	34219235	0.563945	T	C	0.691623	0.979374	21.6937	3.2E-06	-0.0257415	0.00546544	22.1828	2.5E-06	21.804	3.0E-06
18:34219777_G_GTT	18	34219777	0.563954	G	GTT	0.747778	0.979538	18.4023	1.8E-05	-0.0251864	0.00579332	18.9007	1.4E-05	18.7188	1.5E-05
rs2644261	18	34220491	0.563967	T	C	0.681829	0.991035	21.6325	3.3E-06	-0.0251879	0.00538073	21.9131	2.9E-06	21.6907	3.2E-06
rs2644262	18	34223566	0.563975	T	C	0.726655	0.991007	23.1514	1.5E-06	-0.0273282	0.00561714	23.6696	1.1E-06	23.4626	1.3E-06
rs34457458	18	34226233	0.563981	T	TTA	0.706208	0.983503	20.974	4.7E-06	-0.0255475	0.00551692	21.444	3.6E-06	21.1191	4.3E-06
rs2848923	18	34226301	0.563981	G	A	0.706014	0.987888	21.7565	3.1E-06	-0.0259116	0.00550472	22.1574	2.5E-06	21.7631	3.1E-06
18:34227482_CCAT_C	18	34227482	0.563984	CCAT	C	0.772296	0.984192	22.3305	2.3E-06	-0.0285308	0.00598142	22.752	1.8E-06	22.4107	2.2E-06
rs2957176	18	34229559	0.563988	C	T	0.77349	0.987689	22.9844	1.6E-06	-0.0289023	0.00598241	23.3406	1.4E-06	22.9373	1.7E-06
rs2644263	18	34229638	0.563988	C	A	0.773491	0.987661	22.9804	1.6E-06	-0.0289007	0.00598247	23.3376	1.4E-06	22.9339	1.7E-06
rs2644266	18	34231270	0.564008	A	G	0.738332	0.990017	19.9112	8.1E-06	-0.0252589	0.00568948	19.7099	9.0E-06	19.4958	1.0E-05
rs34617432	18	34231713	0.564011	C	CA	0.730538	0.938186	18.9617	1.3E-05	-0.0252733	0.00578071	19.1144	1.2E-05	18.7708	1.5E-05
rs2848901	18	34232610	0.564022	C	T	0.716872	0.989527	20.5731	5.7E-06	-0.0251389	0.00555406	20.4867	6.0E-06	20.3585	6.4E-06
rs1893433	18	34232952	0.564028	T	C	0.716043	0.989997	21.0676	4.4E-06	-0.0254886	0.00554402	21.1369	4.3E-06	20.9201	4.8E-06
rs1495900	18	34235656	0.564051	A	G	0.738922	0.991887	22.6068	2.0E-06	-0.0271627	0.00567984	22.8704	1.7E-06	22.5823	2.0E-06
18:34235735_CAA_C	18	34235735	0.564051	CAA	C	0.746206	0.975618	24.2759	8.3E-07	-0.02848	0.00577826	24.2932	8.3E-07	24.0142	9.6E-07
rs2644267	18	34236026	0.564052	G	A	0.739574	0.991705	22.1316	2.5E-06	-0.0269086	0.00568498	22.404	2.2E-06	22.121	2.6E-06
rs2644268	18	34240401	0.564074	G	C	0.737527	0.993166	19.5989	9.6E-06	-0.0249888	0.00567835	19.3663	1.1E-05	19.178	1.2E-05
rs499715	18	34243902	0.564133	T	G	0.263633	0.995899	21.3607	3.8E-06	0.025903	0.00565956	20.9477	4.7E-06	20.7493	5.2E-06
rs499906	18	34243972	0.564135	G	T	0.308922	1	23.1218	1.5E-06	0.0258893	0.00540899	22.9091	1.7E-06	22.5823	2.0E-06
rs501740	18	34244174	0.564139	G	T	0.266569	0.993023	22.0473	2.7E-06	0.0262451	0.0056483	21.5904	3.4E-06	21.3094	3.9E-06
rs617207	18	34244842	0.564148	A	G	0.282305	0.990323	22.2956	2.3E-06	0.0259578	0.00553288	22.0107	2.7E-06	21.7943	3.0E-06
rs657171	18	34253625	0.564213	T	C	0.283929	0.985735	21.2891	3.9E-06	0.0253308	0.00553234	20.9644	4.7E-06	20.7518	5.2E-06
rs503274	18	34253745	0.564214	C	T	0.303347	0.985619	20.9265	4.8E-06	0.0247192	0.00543473	20.6878	5.4E-06	20.5445	5.8E-06
rs61735998	18	34289285	0.564341	G	T	0.977009	1	30.4054	3.5E-08	-0.0899029	0.0166214	29.2557	6.3E-08	29.3298	6.1E-08
