rs1844428	4	145574196	1.53836	A	G	0.868934	0.997298	28.2424	1.1E-07	-0.0133097	0.00241424	30.3934	3.5E-08	30.2374	3.8E-08
rs12190287	6	134214525	1.40759	C	G	0.626166	1	29.2924	6.2E-08	-0.00931354	0.00170097	29.9803	4.4E-08	30.1373	4.0E-08
rs42034	7	92239144	1.08413	A	G	0.756511	0.993896	28.9523	7.4E-08	0.0107881	0.001937	31.0193	2.6E-08	30.736	3.0E-08
rs42035	7	92239531	1.08414	A	G	0.756502	0.994167	28.935	7.5E-08	0.0107843	0.00193687	31.0017	2.6E-08	30.7091	3.0E-08
rs42036	7	92241451	1.08414	C	G	0.754232	0.994797	29.9927	4.3E-08	0.0109428	0.00193034	32.1357	1.4E-08	31.7355	1.8E-08
rs42039	7	92244422	1.08416	C	T	0.757603	0.997965	30.2656	3.8E-08	0.0110629	0.00193747	32.6036	1.1E-08	32.2191	1.4E-08
7:92244630_TATACA_T	7	92244630	1.08416	TATACA	T	0.757287	0.995424	29.5817	5.4E-08	0.0109518	0.00193918	31.8961	1.6E-08	31.4502	2.0E-08
rs42040	7	92245927	1.08416	C	T	0.757561	0.998702	29.4301	5.8E-08	0.0108929	0.00193561	31.67	1.8E-08	31.3135	2.2E-08
rs42041	7	92246744	1.08417	C	G	0.754742	1	29.089	6.9E-08	0.010773	0.0019268	31.2609	2.3E-08	30.8824	2.7E-08
rs42043	7	92247333	1.08417	A	G	0.754289	0.998501	28.5968	8.9E-08	0.0106576	0.00192633	30.6092	3.2E-08	30.3024	3.7E-08
rs42044	7	92250140	1.08419	T	G	0.729788	0.998139	33.7656	6.2E-09	0.0110806	0.0018659	35.2657	2.9E-09	34.845	3.6E-09
7:92251321_GT_G	7	92251321	1.08419	GT	G	0.71448	0.945708	29.2397	6.4E-08	0.0103355	0.0018817	30.1691	4.0E-08	29.947	4.4E-08
rs42046	7	92252203	1.08419	C	G	0.732279	0.998119	31.4788	2.0E-08	0.0107932	0.00187442	33.1563	8.5E-09	32.6524	1.1E-08
rs10953072	7	92256339	1.0842	A	C	0.730921	0.997796	33.5339	7.0E-09	0.0110587	0.00186958	34.9879	3.3E-09	34.5761	4.1E-09
rs11767704	7	92256375	1.0842	C	T	0.733594	0.99789	32.5457	1.2E-08	0.0109834	0.00187579	34.2851	4.8E-09	33.7496	6.3E-09
rs12531820	7	92257392	1.0842	A	G	0.729718	0.998026	35.2331	2.9E-09	0.0112598	0.00186557	36.4284	1.6E-09	35.9966	2.0E-09
rs35489511	7	92257602	1.0842	G	GA	0.729454	0.995966	35.3612	2.7E-09	0.011289	0.00186686	36.567	1.5E-09	36.16	1.8E-09
7:92258733_AAG_A	7	92258733	1.0842	AAG	A	0.734579	0.99526	30.5993	3.2E-08	0.010763	0.0018816	32.72	1.1E-08	32.1131	1.5E-08
rs535369995	7	92258736	1.0842	A	C	0.734295	0.997363	31.4378	2.1E-08	0.0108698	0.00187922	33.4571	7.3E-09	32.9189	9.6E-09
rs17766836	7	92258961	1.0842	C	T	0.734256	0.998117	31.2186	2.3E-08	0.0108066	0.00187839	33.0983	8.8E-09	32.5706	1.1E-08
rs11771637	7	92260161	1.08421	G	A	0.73414	0.998162	31.1663	2.4E-08	0.0107871	0.0018781	32.9892	9.3E-09	32.5069	1.2E-08
rs548746162	7	92263789	1.08421	C	CT	0.732504	0.983774	34.0506	5.4E-09	0.0112023	0.00188442	35.3394	2.8E-09	35.0697	3.2E-09
rs2282979	7	92264993	1.08421	T	C	0.731943	0.998603	32.8244	1.0E-08	0.0109936	0.00186921	34.5913	4.1E-09	34.1203	5.2E-09
rs66939011	7	92265798	1.08421	T	C	0.730071	0.998422	33.4017	7.5E-09	0.011032	0.00186584	34.9589	3.4E-09	34.5285	4.2E-09
rs73232024	7	92277315	1.08423	G	A	0.73345	0.99543	29.9723	4.4E-08	0.0106114	0.00187878	31.9003	1.6E-08	31.3192	2.2E-08
rs6960181	7	92277477	1.08423	C	T	0.733499	0.995249	29.9352	4.5E-08	0.0106053	0.00187906	31.8543	1.7E-08	31.2778	2.2E-08
rs56201652	7	92278116	1.08423	G	A	0.730756	0.994766	29.4656	5.7E-08	0.01051	0.00187176	31.5288	2.0E-08	30.8973	2.7E-08
rs11765954	7	92280695	1.08425	T	C	0.73203	0.993857	30.8389	2.8E-08	0.0107147	0.00187489	32.6594	1.1E-08	32.103	1.5E-08
rs6948097	7	92281953	1.08425	C	T	0.733353	0.993102	29.8823	4.6E-08	0.0106002	0.00188071	31.7673	1.7E-08	31.2056	2.3E-08
rs11764331	7	92282624	1.08426	C	T	0.733433	0.993216	29.9221	4.5E-08	0.0106006	0.0018808	31.7667	1.7E-08	31.2122	2.3E-08
rs6954221	7	92283262	1.08426	C	T	0.73344	0.992989	29.8897	4.6E-08	0.010596	0.00188099	31.7333	1.8E-08	31.1783	2.4E-08
rs10264916	7	92286376	1.08427	A	G	0.727213	0.991526	30.9792	2.6E-08	0.0106708	0.00186665	32.679	1.1E-08	32.1121	1.5E-08
rs17164683	7	92286980	1.08428	C	T	0.728704	0.990951	30.169	4.0E-08	0.0105861	0.00187132	32.0019	1.5E-08	31.4765	2.0E-08
rs73232029	7	92287283	1.08428	G	C	0.731206	0.991086	30.885	2.7E-08	0.0107198	0.00187811	32.5784	1.1E-08	32.0934	1.5E-08
rs7804293	7	92287849	1.08428	T	G	0.731453	0.990786	31.3372	2.2E-08	0.0107834	0.00187966	32.9116	9.6E-09	32.4598	1.2E-08
rs7804722	7	92288106	1.08428	T	C	0.721759	0.985473	28.9527	7.4E-08	0.0103894	0.0018634	31.0864	2.5E-08	30.287	3.7E-08
rs151158683	11	23695951	0.417264	C	T	0.998218	0.906201	31.5086	2.0E-08	0.114742	0.0204624	31.4433	2.1E-08	29.9285	4.5E-08
rs6088765	20	33799280	0.538051	T	G	0.571903	1	32.0975	1.5E-08	0.00948725	0.00165862	32.7178	1.1E-08	33.2908	7.9E-09
rs11398681	20	33812001	0.538086	C	CT	0.563725	0.983787	30.9786	2.6E-08	0.00937791	0.00166929	31.5609	1.9E-08	31.7797	1.7E-08
rs2425019	20	33819415	0.538105	A	G	0.558162	0.99324	33.8909	5.8E-09	0.00973029	0.00165996	34.36	4.6E-09	34.7802	3.7E-09
rs6058209	20	33821577	0.538111	G	A	0.67124	0.995704	30.855	2.8E-08	0.009702	0.00175728	30.4818	3.4E-08	31.261	2.3E-08
rs6120880	20	33829406	0.538131	C	G	0.568415	0.987309	33.6497	6.6E-09	0.00966869	0.00166735	33.6263	6.7E-09	34.3646	4.6E-09
rs2425024	20	33844938	0.538172	A	C	0.67312	1	28.9758	7.3E-08	0.00954618	0.00174693	29.8611	4.6E-08	30.3128	3.7E-08
rs2425026	20	33847253	0.538177	C	T	0.560155	0.989803	31.7966	1.7E-08	0.00944071	0.001662	32.2662	1.3E-08	32.8646	9.9E-09
rs7280	20	33864484	0.538274	A	G	0.573833	0.989393	32.5228	1.2E-08	0.0095525	0.0016694	32.7425	1.1E-08	33.3788	7.6E-09
rs2425051	20	33880363	0.538357	A	T	0.565937	0.99755	34.5974	4.1E-09	0.00983054	0.00165332	35.3543	2.7E-09	36.3311	1.7E-09
rs2425052	20	33880729	0.538363	A	C	0.559209	1	36.0598	1.9E-09	0.00993486	0.00165199	36.1666	1.8E-09	37.1582	1.1E-09
rs74173945	20	33880781	0.538364	C	CTAAG	0.552965	0.998962	35.1881	3.0E-09	0.00981384	0.00165547	35.1427	3.1E-09	36.2916	1.7E-09
rs6088788	20	33882720	0.538402	A	G	0.553447	0.99168	36.2336	1.8E-09	0.00999582	0.00166113	36.2101	1.8E-09	37.3212	1.0E-09
20:34008850_CAA_C	20	34008850	0.538687	CAA	C	0.362511	0.947374	29.3419	6.1E-08	-0.00949587	0.00175388	29.3136	6.2E-08	29.7063	5.0E-08
rs224331	20	34022387	0.538704	A	C	0.652837	0.995752	29.0627	7.0E-08	0.00936026	0.00172121	29.5739	5.4E-08	30.2006	3.9E-08
rs143384	20	34025756	0.538709	A	G	0.587053	1	34.6981	3.9E-09	0.00969842	0.00166674	33.8584	5.9E-09	34.5617	4.1E-09
