rs3791679	2	56096892	0.832493	A	G	0.772576	1	27.0852	1.9E-07	-0.0122357	0.00233936	27.3566	1.7E-07	27.7449	1.4E-07
rs59985551	2	56106928	0.832517	C	T	0.772815	0.998291	26.9095	2.1E-07	-0.0121931	0.00234068	27.1358	1.9E-07	27.5426	1.5E-07
rs1173771	5	32815028	0.512395	A	G	0.399105	1	26.9848	2.1E-07	-0.0106218	0.00199911	28.2308	1.1E-07	28.3982	9.9E-08
rs9292468	5	32819073	0.512407	T	C	0.400187	0.997173	26.0888	3.3E-07	-0.0104707	0.00200028	27.4015	1.7E-07	27.5313	1.5E-07
rs2193951	5	32820552	0.51241	T	G	0.399685	0.996769	25.5092	4.4E-07	-0.0103577	0.00200083	26.798	2.3E-07	26.9396	2.1E-07
rs2193950	5	32820553	0.51241	T	C	0.399682	0.996788	25.5107	4.4E-07	-0.010358	0.00200082	26.8001	2.3E-07	26.9417	2.1E-07
rs1177764	5	32829975	0.512442	C	G	0.402922	0.998912	28.4264	9.7E-08	-0.010911	0.00199635	29.8714	4.6E-08	30.1187	4.1E-08
rs1173727	5	32830521	0.512447	T	C	0.402838	1	28.3989	9.9E-08	-0.0108897	0.0019951	29.7922	4.8E-08	30.0347	4.2E-08
rs13154066	5	32831670	0.512468	T	C	0.404569	0.996868	27.9828	1.2E-07	-0.0108382	0.0019944	29.5316	5.5E-08	29.7872	4.8E-08
rs12656497	5	32831939	0.512473	T	C	0.404931	0.996299	27.459	1.6E-07	-0.0107585	0.00199482	29.0869	6.9E-08	29.3222	6.1E-08
rs10059884	5	32832474	0.512473	C	A	0.405045	0.996303	27.4413	1.6E-07	-0.0107509	0.00199488	29.0442	7.1E-08	29.2742	6.3E-08
rs42044	7	92250140	1.08419	T	G	0.729974	0.998139	24.6218	7.0E-07	0.0111158	0.00222093	25.05	5.6E-07	24.5375	7.3E-07
rs10953072	7	92256339	1.0842	A	C	0.73153	0.997796	24.8766	6.1E-07	0.0112309	0.00222704	25.4316	4.6E-07	24.8563	6.2E-07
rs11767704	7	92256375	1.0842	C	T	0.73413	0.99789	24.1532	8.9E-07	0.0111405	0.00223435	24.8604	6.2E-07	24.2228	8.6E-07
rs12531820	7	92257392	1.0842	A	G	0.730156	0.998026	26.1022	3.2E-07	0.0113868	0.0022227	26.2448	3.0E-07	25.7523	3.9E-07
rs35489511	7	92257602	1.0842	G	GA	0.729972	0.995966	26.3252	2.9E-07	0.0114477	0.00222472	26.4779	2.7E-07	25.961	3.5E-07
rs548746162	7	92263789	1.08421	C	CT	0.733191	0.983774	24.4657	7.6E-07	0.0112359	0.00224488	25.0511	5.6E-07	24.5248	7.3E-07
rs2282979	7	92264993	1.08421	T	C	0.732499	0.998603	23.8666	1.0E-06	0.0110175	0.00222641	24.4881	7.5E-07	23.8461	1.0E-06
rs66939011	7	92265798	1.08421	T	C	0.730656	0.998422	24.4959	7.4E-07	0.0111202	0.00222255	25.0338	5.6E-07	24.4709	7.5E-07
