rs527397759	1	85171769	1.1374	G	C	0.995595	0.869048	18.7319	1.5E-05	-1.0113	0.228272	19.6271	9.4E-06	19.6073	9.5E-06
rs193014376	1	100432873	1.2985	C	A	0.994703	0.891053	20.4048	6.3E-06	0.900247	0.204148	19.4461	1.0E-05	19.6229	9.4E-06
1:100543077_CT_C	1	100543077	1.29856	CT	C	0.994732	0.889138	24.8631	6.2E-07	1.00924	0.206969	23.7784	1.1E-06	24.0345	9.5E-07
1:100662102_GA_G	1	100662102	1.29868	GA	G	0.987115	0.980069	20.0102	7.7E-06	0.556801	0.126265	19.4461	1.0E-05	19.6812	9.1E-06
rs545477753	1	100662939	1.29868	G	A	0.994536	0.93004	20.968	4.7E-06	0.879837	0.195868	20.178	7.1E-06	20.3625	6.4E-06
rs189630147	1	100670077	1.29869	A	C	0.987114	0.979993	20.011	7.7E-06	0.556803	0.126266	19.4461	1.0E-05	19.6812	9.1E-06
1:120363869_TTC_T	1	120363869	1.51932	TTC	T	0.998643	0.822514	21.4018	3.7E-06	-1.93034	0.415042	21.6312	3.3E-06	21.568	3.4E-06
rs57771059	2	1517031	0.0166218	C	T	0.604058	0.990935	20.6069	5.6E-06	0.133218	0.0292128	20.796	5.1E-06	20.8107	5.1E-06
rs60603183	2	1517165	0.0166231	A	G	0.602886	0.991047	21.7533	3.1E-06	0.136821	0.0291881	21.9733	2.8E-06	21.9899	2.7E-06
rs2048727	2	1523751	0.016688	G	A	0.638927	0.996974	19.9663	7.9E-06	0.133617	0.0295746	20.412	6.2E-06	20.3799	6.3E-06
rs62107992	2	1524953	0.0166922	T	A	0.638822	0.998637	19.7449	8.8E-06	0.132778	0.029545	20.1969	7.0E-06	20.1642	7.1E-06
rs141494697	2	1526784	0.0166981	T	TC	0.63892	0.993722	20.6377	5.5E-06	0.135997	0.0296302	21.0663	4.4E-06	21.0438	4.5E-06
rs4927596	2	1533770	0.0167196	C	G	0.636048	0.991707	19.6367	9.4E-06	0.132716	0.029576	20.1358	7.2E-06	20.0993	7.4E-06
rs13393048	2	1534801	0.0167223	C	A	0.611903	0.996404	20.1672	7.1E-06	0.131959	0.0292075	20.4123	6.2E-06	20.4063	6.3E-06
rs62117040	2	1534915	0.0167226	C	T	0.656965	0.97262	19.2769	1.1E-05	0.135415	0.0303258	19.9392	8.0E-06	19.93	8.0E-06
rs28913042	2	1542749	0.016743	C	T	0.638988	0.997509	19.3258	1.1E-05	0.131561	0.0295901	19.7678	8.7E-06	19.7336	8.9E-06
rs4927632	2	1545110	0.0167489	G	A	0.369821	0.998564	21.2431	4.0E-06	-0.13615	0.029373	21.4851	3.6E-06	21.4518	3.6E-06
rs13027716	2	20887226	0.416527	T	G	0.969641	0.957382	19.1544	1.2E-05	0.372758	0.0845281	19.4469	1.0E-05	19.5532	9.8E-06
rs558342925	2	26771632	0.467753	T	C	0.99763	0.749242	25.7076	4.0E-07	-1.72868	0.338216	26.1241	3.2E-07	26.0833	3.3E-07
rs555393760	2	26791984	0.468447	T	G	0.997778	0.770474	20.4858	6.0E-06	-1.56257	0.342233	20.8465	5.0E-06	20.8461	5.0E-06
rs140540452	2	51406415	0.789589	C	T	0.981979	0.962247	19.1558	1.2E-05	-0.478295	0.108118	19.5702	9.7E-06	19.4825	1.0E-05
2:51431326_TTCC_T	2	51431326	0.789639	TTCC	T	0.982708	0.949744	20.9375	4.7E-06	-0.50889	0.111083	20.9871	4.6E-06	20.943	4.7E-06
rs138564372	2	51495778	0.789856	C	G	0.983141	0.95422	22.2683	2.4E-06	-0.529101	0.111856	22.3748	2.2E-06	22.2936	2.3E-06
2:66777596_CTGTTT_C	2	66777596	0.924427	CTGTTT	C	0.0478122	0.901675	18.801	1.5E-05	0.309563	0.0701202	19.49	1.0E-05	19.4743	1.0E-05
rs192308932	2	156603028	1.7495	C	A	0.975882	0.752639	19.1117	1.2E-05	-0.480383	0.106631	20.296	6.6E-06	20.3636	6.4E-06
rs189468943	3	7210580	0.195624	A	T	0.998579	0.801634	19.0334	1.3E-05	-1.86249	0.420315	19.6354	9.4E-06	19.644	9.3E-06
rs187851739	3	31398866	0.55066	T	G	0.998711	0.723348	20.6979	5.4E-06	2.12777	0.47933	19.7052	9.0E-06	19.7397	8.9E-06
rs558269048	3	56301641	0.742111	T	C	0.9585	0.964255	20.3345	6.5E-06	-0.32062	0.0719926	19.8337	8.4E-06	19.966	7.9E-06
rs75900630	3	56342567	0.742159	G	A	0.957227	0.969649	20.0844	7.4E-06	-0.313017	0.0710389	19.4153	1.1E-05	19.568	9.7E-06
rs148710109	3	56345388	0.74216	C	T	0.957073	0.970061	20.1081	7.3E-06	-0.312608	0.0708698	19.4571	1.0E-05	19.6108	9.5E-06
rs11917619	3	73553960	1.01083	G	A	0.667343	0.981702	21.3537	3.8E-06	-0.136972	0.0303162	20.4134	6.2E-06	20.4043	6.3E-06
rs6772633	3	73553984	1.01083	T	C	0.336418	0.981236	21.751	3.1E-06	0.137595	0.0302062	20.7497	5.2E-06	20.7456	5.2E-06
rs34210879	3	73554286	1.01083	C	T	0.666173	0.983188	21.7824	3.1E-06	-0.138266	0.0302573	20.882	4.9E-06	20.8776	4.9E-06
rs4677294	3	73554922	1.01084	T	A	0.643315	0.98938	20.2047	7.0E-06	-0.131339	0.0297707	19.4631	1.0E-05	19.4684	1.0E-05
rs5029197	3	73559480	1.01086	A	G	0.339712	0.984525	21.5044	3.5E-06	0.136397	0.0301214	20.5048	5.9E-06	20.492	6.0E-06
rs11128343	3	73566832	1.0109	A	G	0.333811	0.98748	22.1646	2.5E-06	0.139056	0.0302071	21.1915	4.2E-06	21.2018	4.1E-06
rs4510330	3	73568127	1.01091	T	A	0.668898	0.986722	22.0666	2.6E-06	-0.139696	0.030318	21.2309	4.1E-06	21.2197	4.1E-06
rs11711610	3	73573357	1.01094	C	T	0.662476	0.983889	21.6307	3.3E-06	-0.13784	0.0302677	20.7394	5.3E-06	20.7294	5.3E-06
rs4831212	3	115679512	1.27779	G	C	0.686795	0.966843	19.8055	8.6E-06	0.139918	0.0310091	20.3595	6.4E-06	20.2299	6.9E-06
3:142431208_GA_G	3	142431208	1.54793	GA	G	0.994117	0.783688	20.6958	5.4E-06	-0.910258	0.205446	19.6307	9.4E-06	19.7522	8.8E-06
rs10513500	3	156716041	1.7112	T	G	0.957584	0.996258	19.3038	1.1E-05	0.308207	0.0692614	19.8017	8.6E-06	19.6367	9.4E-06
rs77675180	3	156718967	1.7112	G	A	0.957578	0.99609	19.3307	1.1E-05	0.308438	0.0692659	19.8289	8.5E-06	19.6635	9.2E-06
rs17443114	3	156720002	1.7112	T	C	0.961365	0.995482	22.1409	2.5E-06	0.343845	0.0725038	22.4908	2.1E-06	22.3147	2.3E-06
rs1482861	3	156730825	1.71123	C	G	0.96132	0.993077	22.2315	2.4E-06	0.344456	0.0725549	22.5389	2.1E-06	22.3659	2.3E-06
rs1482862	3	156730868	1.71123	C	A	0.957514	0.992918	20.0755	7.4E-06	0.314173	0.0693205	20.5407	5.8E-06	20.3741	6.4E-06
rs57791022	3	156737317	1.71124	T	C	0.957513	0.991754	20.1067	7.3E-06	0.314506	0.0693497	20.5669	5.8E-06	20.4002	6.3E-06
rs2321456	3	156741995	1.71125	C	T	0.957505	0.991045	20.1127	7.3E-06	0.314605	0.0693681	20.5689	5.8E-06	20.402	6.3E-06
rs59981665	3	156744902	1.71126	T	A	0.957007	0.988751	19.0144	1.3E-05	0.306401	0.0690976	19.6633	9.2E-06	19.4782	1.0E-05
rs17449793	3	156746598	1.71126	C	T	0.961383	0.99151	21.5132	3.5E-06	0.339508	0.0726513	21.8381	3.0E-06	21.667	3.2E-06
rs79920523	3	156750844	1.71127	T	C	0.961318	0.991556	22.3077	2.3E-06	0.345207	0.0726136	22.6008	2.0E-06	22.4277	2.2E-06
rs77377432	3	156751160	1.71127	C	G	0.961367	0.991408	22.2773	2.4E-06	0.345424	0.0726602	22.6002	2.0E-06	22.4244	2.2E-06
rs78698450	3	156768372	1.7113	C	A	0.961684	0.992301	21.9385	2.8E-06	0.345209	0.0729078	22.4189	2.2E-06	22.2345	2.4E-06
rs78320008	3	156775230	1.71132	C	G	0.961626	0.989852	22.1228	2.6E-06	0.346663	0.0729336	22.5922	2.0E-06	22.4111	2.2E-06
rs79735005	3	156775751	1.71132	C	G	0.961585	0.989287	22.1608	2.5E-06	0.346624	0.072911	22.6012	2.0E-06	22.4223	2.2E-06
rs17450413	3	156777064	1.71132	G	A	0.961735	0.98888	21.6459	3.3E-06	0.343992	0.0731171	22.1339	2.5E-06	21.947	2.8E-06
rs76592460	3	156778508	1.71133	A	G	0.96165	0.987663	21.8519	2.9E-06	0.345059	0.0730808	22.2936	2.3E-06	22.1145	2.6E-06
rs115643220	3	156779426	1.71133	T	C	0.961695	0.988139	21.6514	3.3E-06	0.343847	0.07312	22.1136	2.6E-06	21.9286	2.8E-06
rs577511940	3	156779525	1.71133	C	T	0.961841	0.976293	21.4477	3.6E-06	0.34551	0.0737311	21.9593	2.8E-06	21.7782	3.1E-06
rs535329186	3	156779527	1.71133	C	T	0.961913	0.977828	21.2695	4.0E-06	0.344194	0.0737366	21.7891	3.0E-06	21.6073	3.3E-06
rs553350431	3	156779529	1.71133	C	T	0.961913	0.977828	21.2695	4.0E-06	0.344194	0.0737366	21.7891	3.0E-06	21.6073	3.3E-06
rs113284432	3	156779612	1.71133	C	T	0.961696	0.988131	21.6495	3.3E-06	0.343834	0.0731201	22.1118	2.6E-06	21.9267	2.8E-06
rs79546002	3	156779776	1.71133	G	T	0.961659	0.98765	21.8318	3.0E-06	0.344944	0.0730954	22.2699	2.4E-06	22.0907	2.6E-06
rs80260333	3	156780540	1.71133	G	A	0.961027	0.986616	22.0186	2.7E-06	0.34464	0.0725187	22.5856	2.0E-06	22.4046	2.2E-06
rs111587066	3	156784607	1.7114	G	A	0.961039	0.981389	21.3309	3.9E-06	0.340369	0.0727325	21.9	2.9E-06	21.7087	3.2E-06
rs77767236	3	156785397	1.71142	C	A	0.961013	0.979783	21.2209	4.1E-06	0.339665	0.0727661	21.7894	3.0E-06	21.5981	3.4E-06
rs78414853	3	156786197	1.71144	A	T	0.961444	0.97774	20.8273	5.0E-06	0.339004	0.0731785	21.4606	3.6E-06	21.2685	4.0E-06
rs78217112	3	156786653	1.71146	C	T	0.961511	0.973247	19.9146	8.1E-06	0.331839	0.0733302	20.4781	6.0E-06	20.2876	6.7E-06
rs189001269	4	37854570	0.586108	A	G	0.998367	0.742971	20.0395	7.6E-06	1.79894	0.399804	20.2459	6.8E-06	20.2547	6.8E-06
rs182013336	4	56695872	0.733774	C	T	0.996682	0.907057	18.9424	1.3E-05	1.14396	0.257062	19.8038	8.6E-06	19.6827	9.1E-06
rs115205487	4	70789071	0.854731	A	C	0.961003	0.942743	20.4451	6.1E-06	0.340279	0.0755144	20.3054	6.6E-06	20.3185	6.6E-06
rs75710828	4	70895084	0.854942	A	G	0.962228	0.931974	20.1078	7.3E-06	0.342279	0.0769105	19.8057	8.6E-06	19.8823	8.2E-06
rs111775404	4	70959874	0.855032	T	C	0.958714	1	20.3516	6.4E-06	0.318297	0.0710699	20.0582	7.5E-06	20.108	7.3E-06
rs75266372	4	70967789	0.855037	A	C	0.959295	0.998787	21.9732	2.8E-06	0.332915	0.0715313	21.6608	3.3E-06	21.7228	3.2E-06
4:129554591_AT_A	4	129554591	1.38594	AT	A	0.793705	0.930737	19.8221	8.5E-06	-0.159783	0.0361422	19.5447	9.8E-06	19.5315	9.9E-06
rs144753952	4	184342978	2.03101	C	T	0.98936	0.939326	19.5882	9.6E-06	-0.639152	0.141137	20.5082	5.9E-06	20.4333	6.2E-06
rs73010614	4	184345083	2.03103	T	G	0.985484	0.93031	19.7105	9.0E-06	-0.5731	0.12691	20.3923	6.3E-06	20.3217	6.5E-06
rs17467481	5	25576469	0.408695	A	G	0.959271	0.985266	19.8273	8.5E-06	0.320983	0.071809	19.9806	7.8E-06	19.8804	8.2E-06
rs191287180	5	25576812	0.408699	C	T	0.960404	0.967922	21.429	3.7E-06	0.341359	0.0734564	21.5955	3.4E-06	21.4911	3.6E-06
rs754423870	5	25576871	0.4087	T	TGC	0.958894	0.979098	20.7267	5.3E-06	0.326059	0.0716906	20.6856	5.4E-06	20.6007	5.7E-06
rs116722544	5	25578771	0.408721	A	T	0.959259	0.990928	19.3957	1.1E-05	0.31675	0.0716373	19.5503	9.8E-06	19.4505	1.0E-05
rs75346680	5	25578876	0.408722	A	G	0.958688	0.989352	19.4185	1.0E-05	0.314689	0.0711956	19.537	9.9E-06	19.4326	1.0E-05
rs545792765	5	25579700	0.408731	A	AAAC	0.959341	0.990185	19.7293	8.9E-06	0.319242	0.0717169	19.8152	8.5E-06	19.7177	9.0E-06
rs78870720	5	25605939	0.408762	T	A	0.959211	0.997422	19.8793	8.2E-06	0.320259	0.0714219	20.1067	7.3E-06	20.0044	7.7E-06
5:25607208_AC_A	5	25607208	0.408789	AC	A	0.95923	0.99031	20.0634	7.5E-06	0.322034	0.071644	20.2043	7.0E-06	20.1028	7.3E-06
rs571688719	5	32538079	0.506833	G	A	0.995103	0.838254	22.4629	2.1E-06	-1.06407	0.222302	22.9115	1.7E-06	22.8424	1.8E-06
rs4407610	5	105087921	1.12866	G	A	0.628875	0.995037	20.679	5.4E-06	0.132522	0.0293307	20.4142	6.2E-06	20.4176	6.2E-06
5:105091338_TA_T	5	105091338	1.12867	TA	T	0.629645	0.993518	19.9195	8.1E-06	0.130284	0.0293845	19.6581	9.3E-06	19.662	9.2E-06
rs11740253	5	105091578	1.12867	C	T	0.629406	0.996385	20.0233	7.7E-06	0.130625	0.0293422	19.8183	8.5E-06	19.8174	8.5E-06
rs13157244	5	105095120	1.12868	G	A	0.629021	0.996981	20.322	6.5E-06	0.131398	0.0293149	20.0911	7.4E-06	20.0926	7.4E-06
rs13182207	5	105095250	1.12868	T	C	0.628973	0.996929	20.6052	5.6E-06	0.132186	0.0293086	20.3416	6.5E-06	20.346	6.5E-06
5:105130741_GCA_G	5	105130741	1.12876	GCA	G	0.659731	0.928015	23.6024	1.2E-06	0.149197	0.0308265	23.4246	1.3E-06	23.4354	1.3E-06
rs6869134	5	178362152	2.03311	C	T	0.954658	0.984893	23.2928	1.4E-06	-0.324271	0.0680535	22.7048	1.9E-06	22.7479	1.8E-06
rs17078795	5	178367200	2.03316	G	A	0.954955	0.987515	22.99	1.6E-06	-0.323195	0.0682146	22.4478	2.2E-06	22.4962	2.1E-06
rs141600844	5	178393327	2.03327	C	T	0.96793	0.997608	20.9942	4.6E-06	-0.360733	0.0797062	20.4827	6.0E-06	20.5485	5.8E-06
rs62393061	5	178400791	2.0333	C	T	0.967859	0.997184	19.7562	8.8E-06	-0.350392	0.0795282	19.4118	1.1E-05	19.4561	1.0E-05
rs2856354	5	178405729	2.03332	A	G	0.967837	0.995277	21.2848	4.0E-06	-0.362463	0.0795241	20.7745	5.2E-06	20.8482	5.0E-06
rs116648690	5	180032565	2.06864	C	T	0.998089	0.964983	23.3563	1.3E-06	-1.63453	0.33	24.5335	7.3E-07	24.4955	7.4E-07
rs553217867	5	180039265	2.06869	C	T	0.998245	0.965469	21.7547	3.1E-06	-1.64191	0.343767	22.8123	1.8E-06	22.7588	1.8E-06
rs75546655	6	40931950	0.625043	G	A	0.981349	1	19.5807	9.6E-06	0.470498	0.106986	19.3404	1.1E-05	19.4699	1.0E-05
rs561872834	6	128545280	1.33831	C	T	0.998559	0.811969	20.9165	4.8E-06	-1.87225	0.407459	21.1134	4.3E-06	21.0076	4.6E-06
rs34504481	6	131900390	1.37749	C	T	0.939808	0.946317	23.2826	1.4E-06	0.292029	0.0608564	23.027	1.6E-06	23.1447	1.5E-06
rs149283044	7	22495960	0.397213	T	C	0.977148	0.84301	20.6215	5.6E-06	0.465504	0.10214	20.7708	5.2E-06	20.8281	5.0E-06
rs566909899	7	53339842	0.796792	C	G	0.998731	0.849984	19.7372	8.9E-06	1.99918	0.44276	20.3876	6.3E-06	20.3155	6.6E-06
rs549260607	7	136725239	1.48053	G	A	0.997432	0.907391	20.3547	6.4E-06	-1.32359	0.294005	20.2674	6.7E-06	20.272	6.7E-06
rs771704134	8	574795	0.00819104	C	T	0.996426	0.824368	19.886	8.2E-06	-1.15041	0.257717	19.9259	8.1E-06	19.8539	8.4E-06
rs572303591	8	15276358	0.377217	T	A	0.998979	0.768853	20.1819	7.0E-06	2.26108	0.512586	19.458	1.0E-05	19.4267	1.0E-05
rs2958421	8	73732038	0.976163	T	A	0.58044	0.982947	20.8487	5.0E-06	-0.133887	0.0291241	21.1335	4.3E-06	20.897	4.8E-06
rs2170733	8	79554330	1.0197	T	G	0.126483	1	18.9965	1.3E-05	-0.187607	0.0424966	19.4891	1.0E-05	19.4686	1.0E-05
rs12708110	8	81171813	1.03246	G	A	0.467385	0.981766	24.6873	6.7E-07	-0.143647	0.0289121	24.6849	6.8E-07	24.6807	6.8E-07
rs6473219	8	81245003	1.03289	T	C	0.690921	0.973929	20.201	7.0E-06	0.138218	0.0309935	19.8877	8.2E-06	19.8611	8.3E-06
rs7822342	8	81246699	1.03294	A	G	0.412893	0.994575	22.4692	2.1E-06	-0.136685	0.0287802	22.5555	2.0E-06	22.4898	2.1E-06
rs6985506	8	81251183	1.03296	C	G	0.413428	0.995766	22.3649	2.3E-06	-0.136018	0.0287361	22.4047	2.2E-06	22.3465	2.3E-06
rs567829864	8	81310089	1.03314	C	CA	0.843556	0.858844	20.7602	5.2E-06	0.192659	0.0422856	20.7584	5.2E-06	20.6037	5.6E-06
rs150433146	8	90674773	1.09064	C	T	0.999107	0.746035	21.5188	3.5E-06	2.51644	0.542659	21.5039	3.5E-06	21.4416	3.6E-06
rs140415527	9	2226092	0.0710407	C	T	0.975787	0.935426	20.3551	6.4E-06	0.421083	0.0947671	19.7433	8.9E-06	19.7263	8.9E-06
rs16929376	9	9437780	0.224986	A	T	0.843083	0.975658	20.3779	6.4E-06	-0.177323	0.0393694	20.2867	6.7E-06	20.3297	6.5E-06
rs10959037	9	10308024	0.240374	A	G	0.848956	0.942577	19.27	1.1E-05	0.181589	0.0406543	19.951	7.9E-06	19.8552	8.4E-06
9:78346326_AC_A	9	78346326	0.88805	AC	A	0.995427	0.98979	20.2974	6.6E-06	-0.947993	0.209992	20.3801	6.3E-06	20.3849	6.3E-06
rs149128892	9	96920201	1.14275	G	A	0.994159	0.944843	20.5665	5.8E-06	0.862568	0.189647	20.6868	5.4E-06	20.6839	5.4E-06
rs146076319	9	96935520	1.14276	C	T	0.994193	0.947945	20.7553	5.2E-06	0.868878	0.190221	20.8643	4.9E-06	20.8686	4.9E-06
rs548617115	9	104583892	1.20939	G	A	0.996933	0.803863	20.3493	6.5E-06	1.28446	0.287285	19.9901	7.8E-06	20.0552	7.5E-06
rs112688520	10	7142101	0.163435	C	G	0.981692	0.825693	21.0616	4.4E-06	-0.527299	0.115214	20.9459	4.7E-06	21.0006	4.6E-06
rs199557940	10	35614842	0.639123	T	TA	0.985543	0.899073	19.7703	8.7E-06	-0.55597	0.124749	19.8623	8.3E-06	19.9258	8.1E-06
rs200584089	10	97868769	1.24133	C	CT	0.979599	0.786434	19.4757	1.0E-05	0.537963	0.121271	19.6785	9.2E-06	19.5429	9.8E-06
rs571704894	11	40214314	0.595807	G	C	0.995948	0.898219	19.9243	8.1E-06	1.03395	0.234365	19.4631	1.0E-05	19.47	1.0E-05
rs528238125	11	62281828	0.71375	T	C	0.998169	0.95793	24.5182	7.4E-07	-1.7121	0.344888	24.6434	6.9E-07	24.5885	7.1E-07
rs71458419	11	62328982	0.714503	TA	T	0.946068	0.902193	23.8706	1.0E-06	-0.320255	0.0659587	23.5748	1.2E-06	23.55	1.2E-06
rs10160830	11	85866783	0.940297	T	A	0.871699	0.999393	20.1234	7.3E-06	0.186256	0.0422301	19.4525	1.0E-05	19.4756	1.0E-05
rs117028292	11	86445914	0.94639	G	A	0.969559	0.867444	20.0898	7.4E-06	0.396266	0.0880353	20.261	6.8E-06	20.2887	6.7E-06
rs143513117	11	86518714	0.946788	T	G	0.996749	0.817224	19.9673	7.9E-06	-1.20151	0.270681	19.7031	9.0E-06	19.7219	9.0E-06
rs551783484	12	23569604	0.410958	A	G	0.995092	0.715089	21.2902	3.9E-06	1.09352	0.237504	21.1989	4.1E-06	21.3539	3.8E-06
rs184961650	12	48508465	0.618713	A	C	0.99898	0.884977	19.6907	9.1E-06	-2.08415	0.46882	19.7626	8.8E-06	19.6806	9.2E-06
rs10862092	12	80727840	0.969959	T	C	0.923233	0.996334	20.4699	6.1E-06	0.239496	0.0532475	20.2301	6.9E-06	20.3666	6.4E-06
rs568646536	12	118188089	1.41264	T	A	0.998413	0.72202	23.5164	1.2E-06	1.93175	0.402904	22.9879	1.6E-06	22.9774	1.6E-06
rs75747995	13	20611221	0.0139467	G	A	0.988726	0.934453	22.3819	2.2E-06	0.647503	0.138357	21.9017	2.9E-06	21.8725	2.9E-06
rs117500673	13	20680405	0.0141209	C	T	0.988264	0.957772	24.3285	8.1E-07	0.65224	0.133729	23.7883	1.1E-06	23.7614	1.1E-06
13:29934471_CA_C	13	29934471	0.241796	CA	C	0.987383	0.809276	21.9272	2.8E-06	-0.650889	0.138928	21.9501	2.8E-06	22.0657	2.6E-06
rs111653634	13	52935203	0.558365	A	G	0.972617	0.83693	21.2011	4.1E-06	-0.434065	0.0949564	20.8959	4.8E-06	20.9748	4.7E-06
rs190850694	13	93648475	0.890487	C	T	0.994428	0.805637	23.728	1.1E-06	1.00088	0.208731	22.9927	1.6E-06	22.9994	1.6E-06
rs74112124	13	103279980	1.02553	G	T	0.958844	0.782724	19.7352	8.9E-06	-0.352911	0.0800421	19.4399	1.0E-05	19.5461	9.8E-06
rs190076101	14	34593364	0.311823	G	A	0.998533	0.901944	20.0119	7.7E-06	-1.74749	0.394212	19.6505	9.3E-06	19.5493	9.8E-06
rs76760961	14	34659046	0.313451	G	A	0.998245	0.773849	21.8937	2.9E-06	-1.78995	0.3855	21.5594	3.4E-06	21.5118	3.5E-06
rs80305832	14	44302420	0.391876	C	T	0.929975	0.982908	21.5017	3.5E-06	-0.255165	0.0558202	20.8958	4.8E-06	20.9231	4.8E-06
rs71466822	15	36029552	0.536379	A	G	0.986886	0.949516	20.3488	6.5E-06	0.566708	0.127468	19.7658	8.8E-06	19.8512	8.4E-06
rs201897351	16	1269171	0.0316185	T	TG	0.987113	0.743859	20.9188	4.8E-06	-0.679239	0.148982	20.7864	5.1E-06	20.794	5.1E-06
rs34295772	16	69618933	0.858547	G	A	0.99653	0.806631	20.8736	4.9E-06	1.2113	0.267609	20.4881	6.0E-06	20.4922	6.0E-06
rs34994870	16	70060560	0.859207	C	T	0.994891	0.899722	20.7877	5.1E-06	0.952555	0.207269	21.1208	4.3E-06	21.1077	4.3E-06
rs12149282	16	70309534	0.859949	T	C	0.9951	0.879986	21.3264	3.9E-06	0.997202	0.21404	21.7059	3.2E-06	21.6796	3.2E-06
rs12149776	16	70309535	0.859949	G	A	0.9951	0.879986	21.3264	3.9E-06	0.997202	0.21404	21.7059	3.2E-06	21.6796	3.2E-06
rs12928082	16	70430544	0.859964	T	A	0.995339	0.80765	19.921	8.1E-06	1.02835	0.229785	20.0282	7.6E-06	19.9731	7.9E-06
rs539448541	17	15341712	0.420086	G	A	0.994924	0.739196	22.4328	2.2E-06	1.08704	0.22662	23.0086	1.6E-06	23.057	1.6E-06
rs528189846	17	15515596	0.421992	C	A	0.992882	0.740831	19.78	8.7E-06	0.845674	0.190201	19.7688	8.7E-06	19.8032	8.6E-06
rs62078458	17	41051267	0.667328	T	C	0.882221	0.97175	21.8409	3.0E-06	-0.205824	0.0443537	21.5344	3.5E-06	21.5713	3.4E-06
rs74550635	17	41051821	0.667332	A	T	0.878	0.999403	20.6636	5.5E-06	-0.195232	0.0431845	20.4384	6.2E-06	20.4665	6.1E-06
rs62078459	17	41051983	0.667333	A	G	0.877954	1	20.6568	5.5E-06	-0.194941	0.0431586	20.4021	6.3E-06	20.4317	6.2E-06
rs7213700	17	41056260	0.667365	T	G	0.878148	0.995128	20.7316	5.3E-06	-0.196045	0.0432696	20.5279	5.9E-06	20.5519	5.8E-06
rs62079761	17	41057254	0.667373	C	T	0.878128	0.994183	20.7551	5.2E-06	-0.19626	0.043284	20.5593	5.8E-06	20.5822	5.7E-06
17:41057523_CA_C	17	41057523	0.667376	CA	C	0.846475	0.87594	20.5863	5.7E-06	-0.189531	0.0417666	20.5923	5.7E-06	20.5591	5.8E-06
rs161632	17	41058758	0.667387	G	A	0.876857	0.990222	19.5894	9.6E-06	-0.190763	0.0431021	19.588	9.6E-06	19.5907	9.6E-06
rs189830129	17	48903930	0.740586	G	A	0.998604	0.805525	20.6229	5.6E-06	1.84722	0.408998	20.3984	6.3E-06	20.4513	6.1E-06
rs770930230	17	73105954	1.09765	G	GTA	0.998771	0.77084	20.2129	6.9E-06	-1.9601	0.430772	20.7044	5.4E-06	20.5809	5.7E-06
rs536500139	18	11972258	0.375085	A	G	0.998587	0.72413	20.3645	6.4E-06	2.03751	0.450238	20.4794	6.0E-06	20.5054	5.9E-06
rs193065650	19	2612842	0.0886947	C	A	0.986176	0.869499	19.7637	8.8E-06	0.583405	0.129773	20.2101	6.9E-06	20.2186	6.9E-06
rs56388019	19	39790456	0.630772	C	G	0.964962	0.991194	20.8394	5.0E-06	-0.343517	0.0766073	20.1075	7.3E-06	20.1503	7.2E-06
rs10413311	19	53285734	0.887638	C	A	0.991791	0.908553	22.027	2.7E-06	-0.773023	0.164416	22.1052	2.6E-06	21.955	2.8E-06
rs10419659	19	53286186	0.887648	G	C	0.989801	0.806464	22.8099	1.8E-06	-0.75598	0.158842	22.6511	1.9E-06	22.531	2.1E-06
rs111386186	20	5443115	0.18374	C	G	0.907619	0.928397	21.2308	4.1E-06	-0.23433	0.0507977	21.2798	4.0E-06	21.2012	4.1E-06
rs2875991	20	5443647	0.183744	A	G	0.89829	0.97952	19.905	8.1E-06	-0.210918	0.0475479	19.6773	9.2E-06	19.6465	9.3E-06
20:33561728_AT_A	20	33561728	0.537428	AT	A	0.735374	0.867054	20.2781	6.7E-06	-0.156651	0.0342387	20.933	4.8E-06	21.0105	4.6E-06
rs55670307	20	33720494	0.537678	T	C	0.782636	0.993197	21.9708	2.8E-06	-0.163422	0.0342423	22.7768	1.8E-06	22.819	1.8E-06
rs112928119	20	33726451	0.537689	C	T	0.786791	0.994785	18.7266	1.5E-05	-0.152161	0.0344269	19.5349	9.9E-06	19.5605	9.7E-06
rs6060273	20	33744323	0.537766	G	C	0.78463	0.999769	18.7592	1.5E-05	-0.151209	0.0343085	19.4247	1.0E-05	19.4775	1.0E-05
rs13037296	20	33749228	0.537775	T	A	0.784298	0.99939	18.8301	1.4E-05	-0.151611	0.0342812	19.5591	9.8E-06	19.6144	9.5E-06
rs6088743	20	33749657	0.537775	A	G	0.784229	0.998953	18.6428	1.6E-05	-0.150918	0.0342793	19.3828	1.1E-05	19.4335	1.0E-05
rs6060276	20	33750479	0.537777	T	C	0.784528	0.999268	18.7604	1.5E-05	-0.151429	0.0342991	19.4917	1.0E-05	19.5418	9.8E-06
rs6087681	20	33752896	0.537781	G	C	0.786731	0.99155	19.5868	9.6E-06	-0.155926	0.0345301	20.3912	6.3E-06	20.4371	6.2E-06
rs6087682	20	33752897	0.537781	A	T	0.786737	0.991499	19.5803	9.6E-06	-0.155907	0.0345308	20.3853	6.3E-06	20.431	6.2E-06
rs6060278	20	33753262	0.537782	T	C	0.783975	1	18.9224	1.4E-05	-0.151737	0.0342631	19.6124	9.5E-06	19.6679	9.2E-06
rs6120854	20	33757180	0.537831	C	T	0.784838	0.995099	18.7565	1.5E-05	-0.151471	0.0343514	19.4433	1.0E-05	19.4985	1.0E-05
rs11398681	20	33812001	0.538086	C	CT	0.567954	0.983787	21.1925	4.2E-06	-0.132594	0.0287753	21.2328	4.1E-06	21.2566	4.0E-06
rs2425019	20	33819415	0.538105	A	G	0.56257	0.99324	20.7684	5.2E-06	-0.130163	0.0286186	20.6862	5.4E-06	20.7061	5.4E-06
21:41561594_TAGTG_T	21	41561594	0.48079	TAGTG	T	0.993633	0.955221	20.3398	6.5E-06	-0.826644	0.179846	21.1268	4.3E-06	21.0611	4.4E-06
rs150813016	21	41571576	0.480854	C	T	0.993663	0.981161	20.1093	7.3E-06	-0.811712	0.178315	20.7219	5.3E-06	20.689	5.4E-06
