rs528236848	5	80879264	0.956286	C	T	0.998401	0.877309	30.8684	2.8E-08	-1.10122	0.195101	31.8588	1.7E-08	31.5912	1.9E-08
rs9269887	6	32550979	0.520333	T	C	0.632162	0.802641	30.1435	4.0E-08	-0.0907808	0.0166465	29.7402	4.9E-08	30.0944	4.1E-08
rs9272770	6	32610226	0.520644	G	A	0.825097	0.983216	29.623	5.2E-08	-0.10323	0.0190314	29.422	5.8E-08	29.8147	4.8E-08
6:36632184_CT_C	6	36632184	0.562656	CT	C	0.348583	0.931616	35.8261	2.2E-09	0.0899886	0.0157081	32.8191	1.0E-08	33.77	6.2E-09
rs3176323	6	36646849	0.562833	T	C	0.69398	0.989045	31.1075	2.4E-08	-0.0848814	0.0158497	28.6801	8.5E-08	29.8196	4.7E-08
rs4135240	6	36647680	0.562852	T	C	0.668457	0.985692	30.8475	2.8E-08	-0.0836929	0.015563	28.9197	7.5E-08	29.7836	4.8E-08
rs58730006	6	122089704	1.27119	A	AT	0.901213	0.993314	34.1416	5.1E-09	0.137351	0.0242902	31.9742	1.6E-08	31.5281	2.0E-08
rs9388001	6	122092897	1.2712	G	A	0.900752	0.994918	34.9702	3.3E-09	0.138974	0.0242228	32.917	9.6E-09	32.4527	1.2E-08
rs9401451	6	122099152	1.2712	G	A	0.90082	0.997221	33.9347	5.7E-09	0.13668	0.0242017	31.8947	1.6E-08	31.4319	2.1E-08
rs2091624	6	122101755	1.27121	G	C	0.900618	0.997021	34.2024	5.0E-09	0.137075	0.0241775	32.1437	1.4E-08	31.6855	1.8E-08
rs1012020	6	122110346	1.27121	A	G	0.900754	0.997454	33.9112	5.8E-09	0.136523	0.0241861	31.8628	1.7E-08	31.4141	2.1E-08
6:122113614_CT_C	6	122113614	1.27121	CT	C	0.898156	0.98133	32.8001	1.0E-08	0.134159	0.024123	30.9296	2.7E-08	30.4501	3.4E-08
rs9320841	6	122114451	1.27121	A	G	0.900573	0.997808	33.8757	5.9E-09	0.136333	0.0241641	31.8316	1.7E-08	31.3842	2.1E-08
rs7767179	6	122120089	1.27122	A	G	0.900642	0.997937	34.3083	4.7E-09	0.137369	0.0241751	32.288	1.3E-08	31.8452	1.7E-08
rs2012952	6	122124077	1.27122	T	C	0.9008	0.998164	33.8529	5.9E-09	0.136502	0.024189	31.8454	1.7E-08	31.3851	2.1E-08
rs12208772	6	122125427	1.27122	T	C	0.900651	0.998401	33.6602	6.6E-09	0.136075	0.0241717	31.6914	1.8E-08	31.2314	2.3E-08
rs1015451	6	122131485	1.27122	T	C	0.900631	0.998445	33.723	6.4E-09	0.136185	0.0241669	31.7551	1.7E-08	31.2875	2.2E-08
rs9388006	6	122133347	1.27122	G	T	0.900685	0.99782	33.5424	7.0E-09	0.135884	0.0241728	31.5997	1.9E-08	31.1243	2.4E-08
6:122134939_TA_T	6	122134939	1.27122	TA	T	0.900565	0.998345	34.0092	5.5E-09	0.13664	0.0241583	31.9905	1.5E-08	31.5486	1.9E-08
rs112521333	6	122136119	1.27122	T	TA	0.901368	0.994203	33.8164	6.1E-09	0.136809	0.0242927	31.7161	1.8E-08	31.275	2.2E-08
rs1919862	6	122136414	1.27122	T	C	0.900617	0.9985	33.6943	6.4E-09	0.136086	0.0241614	31.7239	1.8E-08	31.2708	2.2E-08
rs9388008	6	122138479	1.27122	C	A	0.900486	0.997283	33.7179	6.4E-09	0.136091	0.0241614	31.726	1.8E-08	31.2717	2.2E-08
rs1919860	6	122141226	1.27123	A	G	0.900616	0.99853	33.6922	6.5E-09	0.136091	0.0241601	31.7295	1.8E-08	31.2772	2.2E-08
rs9372667	6	122145892	1.27124	T	G	0.900641	0.998263	33.5528	6.9E-09	0.135889	0.0241615	31.6317	1.9E-08	31.1732	2.4E-08
rs9398652	6	122146034	1.27124	C	A	0.900613	0.998656	33.7224	6.4E-09	0.136208	0.0241582	31.7889	1.7E-08	31.3317	2.2E-08
rs763076	6	122148562	1.27124	A	G	0.900669	0.998661	33.6596	6.6E-09	0.136124	0.0241604	31.7438	1.8E-08	31.2795	2.2E-08
rs1358683	6	122149208	1.27124	A	G	0.900604	0.999221	33.6007	6.8E-09	0.135852	0.0241529	31.6369	1.9E-08	31.1805	2.4E-08
rs9375064	6	122149831	1.27125	A	G	0.900612	0.999193	33.5633	6.9E-09	0.135781	0.0241539	31.601	1.9E-08	31.15	2.4E-08
rs973399	6	122150246	1.27125	A	G	0.900618	0.999216	33.533	7.0E-09	0.13572	0.0241543	31.5718	1.9E-08	31.1244	2.4E-08
rs1919876	6	122152933	1.27125	T	C	0.90063	0.999349	33.4723	7.2E-09	0.135597	0.0241542	31.5148	2.0E-08	31.0739	2.5E-08
rs9388010	6	122153737	1.27125	A	G	0.900952	0.997153	34.5304	4.2E-09	0.138083	0.0242029	32.5496	1.2E-08	32.0862	1.5E-08
rs12212972	6	122154148	1.27125	A	C	0.900635	0.999404	33.4494	7.3E-09	0.135548	0.0241539	31.4927	2.0E-08	31.0548	2.5E-08
rs1534753	6	122155504	1.27125	C	G	0.900743	0.998334	33.4652	7.3E-09	0.13578	0.0241677	31.5648	1.9E-08	31.1136	2.4E-08
rs2269579	6	122156413	1.27125	A	G	0.900626	0.999108	33.514	7.1E-09	0.135646	0.0241513	31.5453	1.9E-08	31.1161	2.4E-08
rs12110693	6	122158270	1.27125	G	A	0.900649	1	33.2981	7.9E-09	0.135179	0.0241442	31.3468	2.2E-08	30.9325	2.7E-08
rs11154050	6	122158777	1.27125	G	A	0.900663	0.999906	33.3295	7.8E-09	0.135281	0.0241497	31.3799	2.1E-08	30.9566	2.6E-08
rs57568294	6	122159107	1.27125	C	A	0.900661	0.999806	33.3314	7.8E-09	0.135284	0.0241497	31.3811	2.1E-08	30.9579	2.6E-08
rs9401457	6	122167499	1.27126	C	T	0.901611	0.998402	35.0751	3.2E-09	0.139311	0.0242578	32.9811	9.3E-09	32.5533	1.2E-08
rs1320761	6	122168138	1.27126	C	T	0.901608	0.99844	35.0775	3.2E-09	0.139303	0.0242572	32.9789	9.3E-09	32.5504	1.2E-08
rs1919875	6	122171052	1.27126	A	G	0.901704	0.997067	35.3619	2.7E-09	0.14002	0.0242686	33.2881	7.9E-09	32.8419	1.0E-08
rs1320759	6	122171460	1.27126	A	G	0.901704	0.997053	35.3625	2.7E-09	0.140021	0.0242688	33.2883	7.9E-09	32.8423	1.0E-08
rs1919874	6	122173688	1.27126	G	C	0.901642	0.997848	35.2751	2.9E-09	0.139714	0.0242653	33.1518	8.5E-09	32.7218	1.1E-08
rs9401459	6	122174598	1.27126	T	C	0.901619	0.998235	35.1655	3.0E-09	0.139483	0.0242596	33.0581	8.9E-09	32.6298	1.1E-08
rs1406667	6	122178493	1.27127	A	G	0.901746	0.996661	35.1304	3.1E-09	0.139694	0.024277	33.1103	8.7E-09	32.6554	1.1E-08
rs12196824	6	122178717	1.27127	T	C	0.901618	0.998213	35.2019	3.0E-09	0.139555	0.0242594	33.0923	8.8E-09	32.6648	1.1E-08
rs1919873	6	122181936	1.27127	A	T	0.90162	0.998112	35.197	3.0E-09	0.139549	0.0242604	33.0871	8.8E-09	32.6599	1.1E-08
rs1919872	6	122182186	1.27127	A	G	0.9017	0.996807	35.3559	2.7E-09	0.140006	0.02427	33.2776	8.0E-09	32.8316	1.0E-08
rs9401463	6	122186542	1.27127	A	G	0.90162	0.998026	35.1962	3.0E-09	0.13955	0.0242611	33.0854	8.8E-09	32.6579	1.1E-08
rs9375071	6	122186687	1.27127	A	G	0.901763	0.996481	35.1532	3.0E-09	0.139734	0.0242793	33.123	8.7E-09	32.6711	1.1E-08
rs9320843	6	122187302	1.27127	A	G	0.901616	0.997977	35.1845	3.0E-09	0.13952	0.0242608	33.0723	8.9E-09	32.6447	1.1E-08
rs9372668	6	122188472	1.27127	C	A	0.901616	0.997625	35.2183	2.9E-09	0.139599	0.0242635	33.1022	8.7E-09	32.6746	1.1E-08
rs12175261	6	122189160	1.27129	T	G	0.901631	0.996638	34.9945	3.3E-09	0.139104	0.0242747	32.8378	1.0E-08	32.4341	1.2E-08
rs12206253	6	122192592	1.27153	C	T	0.901749	0.983463	36.0603	1.9E-09	0.141339	0.0244001	33.5536	6.9E-09	33.1829	8.4E-09
rs11752784	6	122193876	1.27169	A	G	0.901849	0.980991	35.9845	2.0E-09	0.140851	0.0244095	33.2969	7.9E-09	32.9045	9.7E-09
rs72840788	10	121415685	1.50658	G	A	0.78259	0.979364	36.4773	1.5E-09	-0.112632	0.0177229	40.388	2.1E-10	39.8362	2.8E-10
rs17099139	10	121419487	1.50662	C	G	0.723476	0.987408	34.0759	5.3E-09	-0.0982069	0.016297	36.3134	1.7E-09	36.2448	1.7E-09
rs61869036	10	121422836	1.50662	G	C	0.782417	0.991989	35.8003	2.2E-09	-0.110915	0.0176094	39.6725	3.0E-10	39.1257	4.0E-10
rs375034445	10	121424815	1.50663	A	AT	0.785293	0.985187	34.4229	4.4E-09	-0.109876	0.0177527	38.3071	6.0E-10	37.6787	8.3E-10
rs117550412	10	121424962	1.50663	A	T	0.782463	0.993287	35.7165	2.3E-09	-0.110742	0.0176005	39.5889	3.1E-10	39.0454	4.1E-10
rs7095308	10	121426312	1.50663	G	A	0.723594	0.991566	33.9836	5.6E-09	-0.0979129	0.0162673	36.2284	1.8E-09	36.1575	1.8E-09
rs17617337	10	121426884	1.50663	C	T	0.782479	0.994389	35.701	2.3E-09	-0.110652	0.0175913	39.5656	3.2E-10	39.025	4.2E-10
rs2234962	10	121429633	1.50666	T	C	0.782238	1	36.9134	1.2E-09	-0.111786	0.0175348	40.6422	1.8E-10	40.1569	2.3E-10
rs72842207	10	121433675	1.50667	C	T	0.782694	0.998405	35.3522	2.8E-09	-0.10972	0.0175601	39.0404	4.2E-10	38.5508	5.3E-10
rs72842212	10	121438212	1.5067	C	T	0.869384	0.980573	28.0675	1.2E-07	-0.119153	0.021727	30.0752	4.2E-08	30.1868	3.9E-08
rs77784809	10	121442498	1.50673	T	A	0.910359	0.94202	29.3225	6.1E-08	0.144863	0.0261684	30.6449	3.1E-08	30.3413	3.6E-08
rs1580396	12	33615841	0.545924	C	A	0.471186	0.996886	29.826	4.7E-08	-0.0807226	0.0146067	30.541	3.3E-08	30.0808	4.1E-08
rs1601005	12	33634658	0.545954	A	G	0.47089	0.99735	29.9051	4.5E-08	-0.0807463	0.0146017	30.58	3.2E-08	30.1064	4.1E-08
rs7311794	12	33635630	0.54596	C	T	0.470965	0.997578	29.7682	4.9E-08	-0.0806062	0.0145985	30.4874	3.4E-08	30.0106	4.3E-08
rs11170519	12	53768640	0.678318	C	T	0.560113	0.993764	33.2731	8.0E-09	-0.0871582	0.0146408	35.4394	2.6E-09	34.688	3.9E-09
rs2047273	18	34184859	0.563794	T	C	0.679221	0.959901	35.4931	2.6E-09	-0.0950099	0.0157854	36.2266	1.8E-09	37.1573	1.1E-09
rs2848907	18	34185248	0.563818	A	G	0.739471	0.96307	40.2798	2.2E-10	-0.107766	0.0167737	41.2768	1.3E-10	42.6217	6.6E-11
rs369533272	18	34185606	0.563822	C	CA	0.767683	0.95343	42.9457	5.6E-11	-0.115147	0.0175062	43.2633	4.8E-11	44.3791	2.7E-11
rs2644257	18	34213453	0.563886	A	G	0.73845	0.985526	38.8062	4.7E-10	-0.104239	0.0165829	39.5127	3.3E-10	40.7197	1.8E-10
rs2848919	18	34217777	0.563903	C	T	0.791526	0.984704	37.1943	1.1E-09	-0.109057	0.0178842	37.1852	1.1E-09	37.9311	7.3E-10
rs2848918	18	34219126	0.563942	T	G	0.736434	1	41.6927	1.1E-10	-0.107196	0.0164486	42.4722	7.2E-11	43.6049	4.0E-11
rs2644260	18	34219234	0.563945	G	T	0.741275	0.98262	38.9114	4.4E-10	-0.105058	0.0166903	39.6218	3.1E-10	40.7573	1.7E-10
rs2848917	18	34219235	0.563945	T	C	0.69782	0.979374	36.6619	1.4E-09	-0.097334	0.0159229	37.3669	9.8E-10	38.2142	6.3E-10
18:34219777_G_GTT	18	34219777	0.563954	G	GTT	0.752663	0.979538	37.4185	9.5E-10	-0.104275	0.0169435	37.8747	7.5E-10	38.4447	5.6E-10
rs2644261	18	34220491	0.563967	T	C	0.687131	0.991035	35.6858	2.3E-09	-0.0935973	0.0156844	35.6117	2.4E-09	36.4448	1.6E-09
rs2644262	18	34223566	0.563975	T	C	0.730682	0.991007	43.6452	3.9E-11	-0.108734	0.0163891	44.0171	3.3E-11	45.2337	1.7E-11
rs150696888	18	34225137	0.563979	G	GCTCATGCCTGTAATCCCAGGA	0.738404	0.98497	33.3913	7.5E-09	-0.0957356	0.0165663	33.396	7.5E-09	33.7842	6.2E-09
rs34457458	18	34226233	0.563981	T	TTA	0.712217	0.983503	33.1744	8.4E-09	-0.0935103	0.0161186	33.6561	6.6E-09	34.0945	5.2E-09
rs2848923	18	34226301	0.563981	G	A	0.712193	0.987888	32.3149	1.3E-08	-0.0917391	0.0160764	32.5634	1.2E-08	33.0259	9.1E-09
18:34227482_CCAT_C	18	34227482	0.563984	CCAT	C	0.776502	0.984192	42.2213	8.2E-11	-0.113996	0.0174991	42.4377	7.3E-11	43.0151	5.4E-11
rs2957176	18	34229559	0.563988	C	T	0.778209	0.987689	43.3795	4.5E-11	-0.115154	0.0175012	43.2936	4.7E-11	43.9449	3.4E-11
rs2644263	18	34229638	0.563988	C	A	0.778201	0.987661	43.4124	4.4E-11	-0.115206	0.0175015	43.3313	4.6E-11	43.9849	3.3E-11
rs2644266	18	34231270	0.564008	A	G	0.741601	0.990017	39.7437	2.9E-10	-0.104557	0.0165904	39.7186	2.9E-10	40.9627	1.6E-10
rs34617432	18	34231713	0.564011	C	CA	0.732887	0.938186	34.8988	3.5E-09	-0.0996578	0.01686	34.9389	3.4E-09	36.0305	1.9E-09
rs2848901	18	34232610	0.564022	C	T	0.719803	0.989527	39.3096	3.6E-10	-0.10211	0.0161963	39.7468	2.9E-10	41.1167	1.4E-10
rs1893433	18	34232952	0.564028	T	C	0.71871	0.989997	39.5637	3.2E-10	-0.102408	0.0161682	40.1186	2.4E-10	41.5201	1.2E-10
rs1495900	18	34235656	0.564051	A	G	0.742941	0.991887	35.9134	2.1E-09	-0.100429	0.0165996	36.6031	1.4E-09	37.6203	8.6E-10
18:34235735_CAA_C	18	34235735	0.564051	CAA	C	0.750069	0.975618	38.1024	6.7E-10	-0.104476	0.0168968	38.2323	6.3E-10	39.1981	3.8E-10
rs2644267	18	34236026	0.564052	G	A	0.743371	0.991705	35.9961	2.0E-09	-0.100587	0.0166138	36.6563	1.4E-09	37.6659	8.4E-10
rs2644268	18	34240401	0.564074	G	C	0.741388	0.993166	40.7018	1.8E-10	-0.105672	0.0165609	40.7148	1.8E-10	42.0706	8.8E-11
rs499715	18	34243902	0.564133	T	G	0.260718	0.995899	43.0662	5.3E-11	0.108109	0.0164889	42.9877	5.5E-11	44.3544	2.7E-11
rs499906	18	34243972	0.564135	G	T	0.30502	1	35.9912	2.0E-09	0.0944553	0.0157358	36.0311	1.9E-09	37.2176	1.1E-09
rs501740	18	34244174	0.564139	G	T	0.26323	0.993023	41.9932	9.2E-11	0.106748	0.0164618	42.0494	8.9E-11	43.4284	4.4E-11
rs617207	18	34244842	0.564148	A	G	0.279972	0.990323	36.4073	1.6E-09	0.0982187	0.0161219	37.1157	1.1E-09	37.9022	7.4E-10
rs657171	18	34253625	0.564213	T	C	0.281038	0.985735	36.371	1.6E-09	0.098322	0.0161347	37.1347	1.1E-09	37.9411	7.3E-10
rs503274	18	34253745	0.564214	C	T	0.301779	0.985619	41.7095	1.1E-10	0.102969	0.0158118	42.4083	7.4E-11	43.5748	4.1E-11
rs591873	18	34256214	0.564254	A	G	0.289285	0.988955	32.0436	1.5E-08	0.0906961	0.0159638	32.278	1.3E-08	32.8491	1.0E-08
rs2469881	18	34256593	0.564256	C	A	0.351244	0.983904	31.4119	2.1E-08	0.0863847	0.0152218	32.2064	1.4E-08	33.1101	8.7E-09
18:34261581_AG_A	18	34261581	0.564273	AG	A	0.351509	0.982725	30.457	3.4E-08	0.0859804	0.0152342	31.8537	1.7E-08	32.6479	1.1E-08
rs671447	18	34262350	0.564274	C	T	0.35012	0.987189	32.7688	1.0E-08	0.0887068	0.0152171	33.9819	5.6E-09	34.7499	3.7E-09
rs658167	18	34263060	0.564276	C	G	0.348502	0.987325	33.6168	6.7E-09	0.0899258	0.0152315	34.8565	3.5E-09	35.5969	2.4E-09
rs491425	18	34263418	0.564276	A	G	0.329088	0.986617	33.0311	9.1E-09	0.0895384	0.0154522	33.5768	6.9E-09	34.3948	4.5E-09
rs627756	18	34265279	0.564279	G	A	0.33244	0.986614	30.9953	2.6E-08	0.0867727	0.015406	31.7238	1.8E-08	32.5075	1.2E-08
rs138340381	18	34267369	0.564282	C	T	0.984902	0.965907	32.8272	1.0E-08	-0.335511	0.0605125	30.7414	2.9E-08	31.024	2.5E-08
rs671303	18	34269028	0.564296	C	T	0.333056	0.98833	30.9579	2.6E-08	0.0864495	0.0153884	31.5601	1.9E-08	32.3759	1.3E-08
rs500559	18	34270194	0.564301	A	G	0.325255	0.994555	31.2462	2.3E-08	0.0868526	0.0154287	31.6889	1.8E-08	32.6655	1.1E-08
rs502154	18	34270316	0.564302	A	G	0.325344	0.994721	31.8264	1.7E-08	0.0875897	0.0154287	32.2291	1.4E-08	33.2504	8.1E-09
rs644056	18	34270525	0.564304	C	G	0.323605	0.995245	31.7765	1.7E-08	0.0875387	0.0154509	32.0992	1.5E-08	33.0937	8.8E-09
rs527797	18	34270834	0.564309	A	C	0.289304	0.994777	33.1632	8.5E-09	0.0918886	0.0159205	33.3126	7.8E-09	34.0215	5.5E-09
rs536188	18	34271792	0.564315	T	C	0.338953	0.989072	32.8489	1.0E-08	0.0891981	0.0153387	33.8167	6.1E-09	34.8146	3.6E-09
rs628129	18	34271793	0.564315	G	A	0.341273	0.989003	32.2635	1.3E-08	0.0883177	0.0153151	33.255	8.1E-09	34.2229	4.9E-09
rs561740	18	34272276	0.564315	C	G	0.341877	0.998058	33.1011	8.7E-09	0.0889888	0.0152189	34.1904	5.0E-09	35.1867	3.0E-09
rs479570	18	34273039	0.564316	T	C	0.339527	0.997614	33.9165	5.8E-09	0.0901961	0.0152487	34.9871	3.3E-09	35.9906	2.0E-09
rs561021	18	34278799	0.564321	T	C	0.338374	0.996669	33.1544	8.5E-09	0.0890966	0.0152581	34.0975	5.2E-09	35.1098	3.1E-09
rs4799878	18	34280866	0.564323	C	T	0.66367	0.990954	34.8381	3.6E-09	-0.0915406	0.015337	35.6243	2.4E-09	36.6901	1.4E-09
rs4799426	18	34280891	0.564323	A	G	0.663749	0.991336	34.31	4.7E-09	-0.0908808	0.0153325	35.1331	3.1E-09	36.1667	1.8E-09
rs4799879	18	34280897	0.564323	G	A	0.663355	0.991198	34.7376	3.8E-09	-0.0913755	0.0153324	35.5174	2.5E-09	36.5865	1.5E-09
rs4799880	18	34281409	0.564324	G	A	0.661347	0.997439	34.2833	4.8E-09	-0.0904531	0.0152625	35.1233	3.1E-09	36.1227	1.9E-09
rs9961386	18	34281671	0.564324	T	G	0.662042	0.996104	33.6287	6.7E-09	-0.0896964	0.0152727	34.492	4.3E-09	35.4452	2.6E-09
rs4799427	18	34282780	0.564327	C	T	0.660732	0.997736	33.5478	7.0E-09	-0.0896163	0.0152618	34.4798	4.3E-09	35.4926	2.6E-09
rs948634	18	34284315	0.56433	T	G	0.659571	0.995433	32.6154	1.1E-08	-0.088213	0.0152514	33.4536	7.3E-09	34.356	4.6E-09
rs948635	18	34284447	0.56433	C	G	0.661553	0.995561	33.4139	7.4E-09	-0.0894577	0.0152762	34.2929	4.7E-09	35.2304	2.9E-09
rs9962143	18	34285546	0.564333	C	T	0.661518	0.995228	33.2846	8.0E-09	-0.0892927	0.0152786	34.156	5.1E-09	35.0828	3.2E-09
rs4799882	18	34286853	0.564336	T	G	0.660759	0.995007	33.0615	8.9E-09	-0.0890435	0.01528	33.9593	5.6E-09	34.9608	3.4E-09
rs754040	18	34288369	0.564339	A	C	0.657468	0.994937	30.7593	2.9E-08	-0.0858455	0.0152375	31.7399	1.8E-08	32.5842	1.1E-08
rs61735998	18	34289285	0.564341	G	T	0.976022	1	34.6815	3.9E-09	-0.275513	0.0474776	33.6748	6.5E-09	34.066	5.3E-09
rs16968220	18	34291197	0.564346	C	A	0.659351	0.993747	32.5212	1.2E-08	-0.0881193	0.0152634	33.3305	7.8E-09	34.2302	4.9E-09
rs4603639	18	34292319	0.564359	A	G	0.655341	0.99184	32.3233	1.3E-08	-0.0881282	0.0152357	33.4582	7.3E-09	34.3713	4.6E-09
rs4477795	18	34292366	0.564359	C	T	0.658335	0.993107	32.213	1.4E-08	-0.0877432	0.0152518	33.0968	8.8E-09	34.0014	5.5E-09
rs777349704	18	34293994	0.564378	GTC	G	0.658591	0.988371	32.6789	1.1E-08	-0.0883407	0.0152884	33.3888	7.5E-09	34.3766	4.5E-09
rs12605417	18	34294896	0.564385	C	T	0.660365	0.991733	32.3784	1.3E-08	-0.0880011	0.015281	33.1644	8.5E-09	34.0962	5.2E-09
rs3809994	18	34297753	0.564397	C	T	0.615577	0.978261	33.8981	5.8E-09	-0.0883808	0.0149947	34.7407	3.8E-09	35.5904	2.4E-09
rs7240383	18	34298732	0.5644	G	C	0.658806	0.992476	30.7974	2.9E-08	-0.0862481	0.015277	31.8729	1.6E-08	32.754	1.0E-08
rs11081961	18	34299071	0.5644	T	A	0.659689	0.991475	31.3726	2.1E-08	-0.0870084	0.0152891	32.3861	1.3E-08	33.2695	8.0E-09
rs778650703	18	34299383	0.564401	CT	C	0.660808	0.991803	31.757	1.7E-08	-0.0876331	0.0153069	32.7762	1.0E-08	33.678	6.5E-09
rs11081962	18	34299757	0.564402	G	A	0.661704	0.99074	30.7147	3.0E-08	-0.0864861	0.0153291	31.8317	1.7E-08	32.7384	1.1E-08
rs1365509	18	34299774	0.564402	A	G	0.661801	0.990287	30.7529	2.9E-08	-0.086567	0.0153334	31.8733	1.6E-08	32.779	1.0E-08
rs11081963	18	34300190	0.564403	G	A	0.662014	0.99093	32.0651	1.5E-08	-0.0881314	0.0153235	33.0785	8.9E-09	33.9797	5.6E-09
rs9956820	18	34301780	0.564407	A	T	0.65861	0.991427	31.6518	1.8E-08	-0.08733	0.015289	32.6265	1.1E-08	33.4965	7.1E-09
rs4371230	18	34309634	0.56442	G	A	0.661538	0.992095	33.3566	7.7E-09	-0.089959	0.0153202	34.4795	4.3E-09	35.4156	2.7E-09
rs9962453	18	34309966	0.56442	C	T	0.661582	0.992368	33.4053	7.5E-09	-0.0900372	0.0153194	34.543	4.2E-09	35.4589	2.6E-09
rs3744903	18	34310668	0.564421	C	T	0.662395	0.992022	33.2777	8.0E-09	-0.0899379	0.0153269	34.4329	4.4E-09	35.3696	2.7E-09
rs4799883	18	34311291	0.564422	G	A	0.661369	0.992183	32.8715	9.8E-09	-0.0893011	0.0153175	33.989	5.5E-09	34.9174	3.4E-09
rs879567	18	34311643	0.564424	A	G	0.661962	0.990985	32.9349	9.5E-09	-0.0895638	0.0153349	34.1115	5.2E-09	35.0364	3.2E-09
rs879568	18	34311659	0.564425	G	C	0.661964	0.991028	32.9456	9.5E-09	-0.0895824	0.0153347	34.1265	5.2E-09	35.0509	3.2E-09
rs9959105	18	34312289	0.564426	G	A	0.675533	0.986045	29.2425	6.4E-08	-0.085286	0.0155233	30.1848	3.9E-08	31.0224	2.6E-08
rs9958934	18	34312290	0.564426	C	T	0.675527	0.98607	29.2387	6.4E-08	-0.0852825	0.0155231	30.1831	3.9E-08	31.0198	2.6E-08
rs4799884	18	34313301	0.564428	G	A	0.681142	0.994568	33.8248	6.0E-09	-0.0919168	0.0155436	34.9692	3.3E-09	35.7746	2.2E-09
rs4799885	18	34313674	0.564429	C	T	0.681108	0.994348	34.3227	4.7E-09	-0.092537	0.015547	35.4274	2.6E-09	36.267	1.7E-09
rs4799432	18	34315042	0.564432	C	T	0.681881	0.994451	33.5522	6.9E-09	-0.0915747	0.0155526	34.6693	3.9E-09	35.5135	2.5E-09
rs873201	18	34315475	0.564433	C	T	0.681159	0.99472	34.4324	4.4E-09	-0.0926805	0.0155454	35.5446	2.5E-09	36.3902	1.6E-09
rs12604388	18	34315711	0.564434	C	T	0.681358	0.995029	34.407	4.5E-09	-0.0926598	0.0155442	35.5343	2.5E-09	36.3646	1.6E-09
rs8089337	18	34316100	0.564434	G	A	0.681169	0.9948	34.413	4.5E-09	-0.0926521	0.0155452	35.5236	2.5E-09	36.3688	1.6E-09
rs4346268	18	34316204	0.564435	C	A	0.681191	0.994695	34.336	4.6E-09	-0.0925554	0.0155461	35.4455	2.6E-09	36.2921	1.7E-09
rs4799886	18	34318747	0.56444	G	C	0.679655	0.995092	33.7258	6.3E-09	-0.0917169	0.0155148	34.9466	3.4E-09	35.7548	2.2E-09
rs4799887	18	34319157	0.564441	C	T	0.681509	0.996248	33.9513	5.7E-09	-0.0920721	0.0155362	35.1211	3.1E-09	35.9207	2.1E-09
rs9959091	18	34319676	0.564442	C	T	0.680913	0.995051	34.0766	5.3E-09	-0.0922219	0.0155396	35.2201	2.9E-09	36.0251	1.9E-09
18:34321735_TA_T	18	34321735	0.564451	TA	T	0.682142	0.992421	32.7433	1.1E-08	-0.0905556	0.015577	33.7958	6.1E-09	34.568	4.1E-09
rs11660290	18	34321757	0.564451	G	T	0.681166	0.995718	34.0435	5.4E-09	-0.0921025	0.0155347	35.1508	3.1E-09	35.9535	2.0E-09
rs11878091	18	34323855	0.564462	T	C	0.679701	0.999612	33.7316	6.3E-09	-0.0916493	0.0154857	35.0264	3.3E-09	35.7621	2.2E-09
rs2303510	18	34324091	0.564464	G	A	0.679732	1	33.5011	7.1E-09	-0.0913592	0.0154921	34.7765	3.7E-09	35.4916	2.6E-09
rs2303509	18	34324190	0.564464	C	T	0.679926	0.998846	33.6461	6.6E-09	-0.0916156	0.0154908	34.9778	3.3E-09	35.7252	2.3E-09
