rs7529231	1	9850155	0.202938	T	C	0.978348	1	19.7377	8.9E-06	-0.0467066	0.0102924	20.5932	5.7E-06	20.4544	6.1E-06
rs149722829	1	34103826	0.575456	T	C	0.994829	0.960893	20.6291	5.6E-06	0.0955752	0.0213987	19.9487	8.0E-06	20.0823	7.4E-06
rs528039946	1	105436518	1.3407	A	G	0.998422	0.868466	20.3076	6.6E-06	0.194232	0.0417028	21.6925	3.2E-06	21.6445	3.3E-06
rs181112061	1	105600510	1.34118	T	C	0.998506	0.872209	18.8872	1.4E-05	0.184991	0.0409472	20.4104	6.2E-06	20.2248	6.9E-06
rs573106891	1	168970974	1.90416	A	G	0.999107	0.742409	24.8187	6.3E-07	0.286687	0.0587332	23.8258	1.1E-06	23.5869	1.2E-06
rs1931323	1	229843526	2.52948	T	G	0.427935	0.985609	27.6119	1.5E-07	0.015935	0.00304877	27.3183	1.7E-07	27.1975	1.8E-07
rs1931324	1	229845799	2.52949	T	C	0.42529	0.985023	27.5287	1.5E-07	0.0159218	0.00305292	27.199	1.8E-07	27.1145	1.9E-07
rs115225690	2	40713854	0.649361	T	C	0.960248	0.908174	21.3327	3.9E-06	-0.0363645	0.00795315	20.9063	4.8E-06	20.8526	5.0E-06
rs185549412	2	159874220	1.78037	A	G	0.997647	0.806183	19.6682	9.2E-06	-0.154115	0.0345119	19.9412	8.0E-06	20.0708	7.5E-06
rs143305552	3	1398822	0.0230779	T	C	0.982977	0.960951	22.2137	2.4E-06	0.0554468	0.0116228	22.758	1.8E-06	23.0913	1.5E-06
rs9873153	3	2199112	0.0419289	A	T	0.446312	0.992763	20.1498	7.2E-06	0.0135016	0.00301813	20.0122	7.7E-06	19.9156	8.1E-06
rs182327735	3	25160777	0.462065	G	C	0.996893	0.954551	23.2459	1.4E-06	-0.128174	0.0273763	21.9205	2.8E-06	21.9549	2.8E-06
rs150065067	3	25188010	0.462163	T	G	0.99514	0.844425	22.0317	2.7E-06	-0.110362	0.0239145	21.2971	3.9E-06	21.3853	3.8E-06
rs182871951	3	25196135	0.462179	G	A	0.996991	0.954224	25.4164	4.6E-07	-0.136133	0.0278216	23.9422	9.9E-07	23.996	9.7E-07
rs76336037	3	25218405	0.462219	C	T	0.996398	0.94008	23.8528	1.0E-06	-0.121545	0.0255891	22.5614	2.0E-06	22.6287	2.0E-06
rs537756946	3	25245104	0.46231	G	T	0.99725	0.931532	24.6751	6.8E-07	-0.142348	0.0294417	23.3764	1.3E-06	23.4317	1.3E-06
rs74528542	3	25253085	0.462326	C	T	0.996251	0.92143	21.774	3.1E-06	-0.115766	0.0254846	20.6351	5.6E-06	20.6402	5.5E-06
rs139523742	3	25280076	0.462458	C	T	0.997061	0.946028	24.1513	8.9E-07	-0.135508	0.0282697	22.9768	1.6E-06	22.9993	1.6E-06
rs191701459	3	43955805	0.666454	A	G	0.998926	0.858676	22.7204	1.9E-06	-0.237303	0.0494364	23.0417	1.6E-06	22.7649	1.8E-06
rs562623200	3	44011991	0.666692	C	T	0.998989	0.891146	25.8801	3.6E-07	-0.256408	0.0504296	25.8519	3.7E-07	25.6295	4.1E-07
rs181280836	3	44081065	0.66688	G	A	0.998897	0.883721	24.5917	7.1E-07	-0.238809	0.0481837	24.5641	7.2E-07	24.3388	8.1E-07
rs577404737	3	100267943	1.13298	T	A	0.998579	0.782234	24.4127	7.8E-07	0.216164	0.0442486	23.8653	1.0E-06	23.7889	1.1E-06
rs148944773	3	131080460	1.43736	C	T	0.99686	0.854215	19.9061	8.1E-06	-0.12714	0.0282653	20.2329	6.9E-06	20.0322	7.6E-06
rs186373853	3	154609722	1.68982	A	C	0.99322	0.706916	19.4465	1.0E-05	-0.0981182	0.0213006	21.2185	4.1E-06	20.8159	5.1E-06
rs1596181	3	179409845	1.94743	A	C	0.464637	0.985426	18.0445	2.2E-05	0.0134706	0.00302839	19.7856	8.7E-06	19.5174	1.0E-05
rs2119898	3	179439466	1.94756	T	C	0.485154	0.980712	23.1142	1.5E-06	0.0150558	0.00305031	24.3625	8.0E-07	24.1726	8.8E-07
rs2165679	3	179439567	1.94756	A	G	0.481802	0.977105	24.721	6.6E-07	0.0155404	0.00305618	25.8563	3.7E-07	25.6801	4.0E-07
rs796851934	3	179439853	1.94757	CAAA	C	0.48458	0.968987	22.8821	1.7E-06	0.0150652	0.00306971	24.0856	9.2E-07	23.8679	1.0E-06
rs35593662	3	179440107	1.94757	G	C	0.484184	0.981524	21.996	2.7E-06	0.0146772	0.00305019	23.1544	1.5E-06	22.9816	1.6E-06
rs4346543	3	179441421	1.94758	T	C	0.470635	0.979899	19.5613	9.7E-06	0.0138299	0.0030573	20.4628	6.1E-06	20.3063	6.6E-06
rs11720333	3	179442138	1.94759	C	T	0.484132	0.980637	22.2629	2.4E-06	0.014751	0.00305185	23.3622	1.3E-06	23.196	1.5E-06
rs1966757	3	179442279	1.94759	T	G	0.483235	0.980271	21.4326	3.7E-06	0.0144565	0.00305351	22.4145	2.2E-06	22.2559	2.4E-06
rs11706307	3	179445131	1.94762	T	A	0.473411	0.96409	19.5977	9.6E-06	0.0139153	0.00308295	20.373	6.4E-06	20.2111	6.9E-06
rs28694896	3	179446059	1.94763	A	G	0.471684	0.967128	19.5824	9.6E-06	0.0138904	0.00307969	20.3429	6.5E-06	20.1688	7.1E-06
rs35304594	3	179446504	1.94763	C	A	0.471582	0.96757	19.8441	8.4E-06	0.013973	0.00307959	20.587	5.7E-06	20.4183	6.2E-06
rs13089033	3	179446576	1.94763	G	C	0.471449	0.967503	19.6542	9.3E-06	0.0139272	0.00307966	20.4512	6.1E-06	20.2758	6.7E-06
rs58527921	3	179463076	1.94775	A	G	0.425611	0.985871	20.0614	7.5E-06	0.0139239	0.00305591	20.7605	5.2E-06	20.7158	5.3E-06
rs7641593	3	179463701	1.94775	G	A	0.463806	0.991195	20.499	6.0E-06	0.0140307	0.00302807	21.4698	3.6E-06	21.3124	3.9E-06
rs7653814	3	179464056	1.94775	T	A	0.461499	0.99182	20.6786	5.4E-06	0.0141028	0.00303126	21.6454	3.3E-06	21.4855	3.6E-06
rs6772052	3	179468945	1.94778	A	G	0.463572	0.991182	20.5039	6.0E-06	0.014055	0.00302914	21.5291	3.5E-06	21.3457	3.8E-06
rs2287240	3	179472674	1.94779	C	T	0.477107	0.986865	20.1354	7.2E-06	0.0140748	0.00304503	21.3649	3.8E-06	21.1769	4.2E-06
rs9809051	3	179472868	1.94782	G	A	0.477026	0.984092	20.0509	7.5E-06	0.0140631	0.0030494	21.2684	4.0E-06	21.0847	4.4E-06
rs9846426	3	179473011	1.94784	A	T	0.477064	0.981991	19.8885	8.2E-06	0.0140305	0.00305276	21.1233	4.3E-06	20.9364	4.7E-06
rs150559358	4	8476860	0.225161	C	T	0.998509	0.788374	19.5848	9.6E-06	0.193997	0.0432605	20.1098	7.3E-06	20.0486	7.5E-06
rs142688505	4	78799834	0.926476	C	T	0.989551	0.987817	19.4267	1.0E-05	-0.0654537	0.0148592	19.4034	1.1E-05	19.5445	9.8E-06
rs145719351	4	78846985	0.926527	T	G	0.989852	0.990024	20.2864	6.7E-06	-0.0680479	0.0150593	20.4182	6.2E-06	20.5477	5.8E-06
rs145553477	4	78874395	0.926552	C	T	0.98986	0.98226	21.7158	3.2E-06	-0.0705108	0.0151444	21.6773	3.2E-06	21.8406	3.0E-06
rs147885583	4	78961034	0.926922	A	G	0.989638	0.98512	23.711	1.1E-06	-0.0729822	0.0148712	24.0846	9.2E-07	24.214	8.6E-07
rs146199813	4	79590248	0.9368	T	TCACACACACACA	0.437571	0.949024	22.5783	2.0E-06	0.0146404	0.00310112	22.288	2.3E-06	22.1147	2.6E-06
rs1346145	4	79625240	0.936939	C	T	0.380949	0.986064	19.4542	1.0E-05	0.0138345	0.00309731	19.9508	7.9E-06	19.8497	8.4E-06
rs10023309	4	79629861	0.936956	T	C	0.578384	0.872338	21.4422	3.6E-06	0.0146733	0.00322139	20.7476	5.2E-06	20.6855	5.4E-06
rs10023310	4	79629863	0.936956	T	C	0.401243	0.961983	20.6629	5.5E-06	0.0139886	0.00310216	20.334	6.5E-06	20.2869	6.7E-06
4:79629993_TATATATATAC_T	4	79629993	0.936957	TATATATATAC	T	0.525629	0.832966	29.4146	5.8E-08	0.0178804	0.00328146	29.6909	5.1E-08	29.5653	5.4E-08
rs112713684	4	79635509	0.936978	C	T	0.432164	0.931466	19.61	9.5E-06	0.0139394	0.00312661	19.8765	8.3E-06	19.7821	8.7E-06
rs11931300	4	79637446	0.936989	G	A	0.404214	0.953193	19.0527	1.3E-05	0.0137521	0.00311158	19.5333	9.9E-06	19.4438	1.0E-05
rs113172748	4	79639615	0.937002	A	G	0.328725	0.989575	19.9267	8.0E-06	0.0140615	0.00315769	19.8302	8.5E-06	19.8453	8.4E-06
rs529050583	5	97345040	1.0881	C	T	0.996805	0.75183	20.1174	7.3E-06	-0.141488	0.0303551	21.7259	3.1E-06	21.3844	3.8E-06
rs575860325	5	115265142	1.22918	G	A	0.998086	0.750745	20.011	7.7E-06	0.179201	0.0399817	20.0889	7.4E-06	20.0618	7.5E-06
rs9266628	6	31346811	0.513064	G	A	0.856521	0.999558	23.3786	1.3E-06	-0.0200856	0.00424526	22.3852	2.2E-06	22.6381	2.0E-06
rs755661660	6	71617043	0.861033	G	A	0.99894	0.919892	20.03	7.6E-06	-0.21359	0.0474727	20.243	6.8E-06	20.199	7.0E-06
rs4706653	6	78291170	0.904573	A	G	0.768748	0.998869	20.1295	7.2E-06	0.0156746	0.0035547	19.4441	1.0E-05	19.4545	1.0E-05
rs1084316	6	128169634	1.33306	A	G	0.376913	0.997045	20.0075	7.7E-06	0.0137016	0.00307266	19.8844	8.2E-06	19.9411	8.0E-06
rs270025	6	128172146	1.33306	G	A	0.376496	0.997981	20.0971	7.4E-06	0.0137291	0.00307082	19.9883	7.8E-06	20.0526	7.5E-06
rs270027	6	128172288	1.33306	C	G	0.375864	0.998149	20.5777	5.7E-06	0.0138581	0.00307085	20.3653	6.4E-06	20.4358	6.2E-06
rs270029	6	128173598	1.33306	A	T	0.376865	0.998031	20.2627	6.8E-06	0.0137742	0.00307075	20.1206	7.3E-06	20.192	7.0E-06
rs270030	6	128175025	1.33307	C	T	0.380422	0.998227	20.2461	6.8E-06	0.0137675	0.00306469	20.1807	7.0E-06	20.253	6.8E-06
rs270032	6	128176383	1.33307	A	G	0.376651	0.998727	20.0124	7.7E-06	0.0136943	0.00306988	19.8993	8.2E-06	19.9577	7.9E-06
rs270033	6	128176953	1.33307	A	G	0.376485	0.998956	20.1326	7.2E-06	0.0137318	0.0030691	20.0185	7.7E-06	20.0814	7.4E-06
rs270036	6	128180684	1.33308	G	T	0.380612	0.998889	19.4891	1.0E-05	0.0135555	0.00306475	19.5633	9.7E-06	19.6269	9.4E-06
rs187938	6	128182756	1.33308	T	C	0.376431	0.999207	19.5079	1.0E-05	0.0135591	0.00306902	19.5193	1.0E-05	19.5681	9.7E-06
6:128183573_AT_A	6	128183573	1.33308	AT	A	0.417833	0.944148	22.1081	2.6E-06	0.0147604	0.00309416	22.7568	1.8E-06	22.694	1.9E-06
rs270042	6	128185084	1.33308	T	C	0.375728	1	19.5847	9.6E-06	0.0135603	0.00306886	19.5248	9.9E-06	19.5743	9.7E-06
rs270043	6	128186131	1.33308	G	A	0.380485	0.998779	19.327	1.1E-05	0.0135044	0.0030656	19.4052	1.1E-05	19.4647	1.0E-05
rs875336	6	128196309	1.33311	C	G	0.379686	0.992788	19.4023	1.1E-05	0.0135497	0.00307308	19.4406	1.0E-05	19.499	1.0E-05
rs35252759	6	138980664	1.4795	G	C	0.996806	0.704037	19.6205	9.4E-06	0.144686	0.0324747	19.8501	8.4E-06	20.0344	7.6E-06
rs13213678	6	160074236	1.76622	C	G	0.393202	0.825203	19.6162	9.5E-06	-0.0154835	0.003341	21.4775	3.6E-06	21.349	3.8E-06
rs367789121	6	169000096	1.953	A	G	0.997776	0.892415	21.8094	3.0E-06	0.149187	0.0340951	19.1459	1.2E-05	19.491	1.0E-05
rs115321100	7	11208546	0.204458	T	C	0.999058	0.854683	23.733	1.1E-06	0.231834	0.0526698	19.3744	1.1E-05	19.7186	9.0E-06
rs115089587	7	11231487	0.205301	T	C	0.999144	0.810136	23.4118	1.3E-06	0.247662	0.0564407	19.2545	1.1E-05	19.6865	9.1E-06
rs561931743	7	17164577	0.312624	A	C	0.998561	0.829602	19.4531	1.0E-05	-0.202307	0.0446666	20.5141	5.9E-06	20.6631	5.5E-06
rs142486619	7	34031013	0.561584	C	T	0.813028	0.993864	20.1954	7.0E-06	-0.0169325	0.00383829	19.4611	1.0E-05	19.6709	9.2E-06
rs372489460	7	34031885	0.561584	A	G	0.814538	0.991677	20.3937	6.3E-06	-0.0170105	0.00385062	19.5152	1.0E-05	19.7402	8.9E-06
rs118055392	7	38746030	0.63054	A	G	0.97903	1	21.5478	3.5E-06	0.0481318	0.0104842	21.0762	4.4E-06	21.1572	4.2E-06
rs146807374	7	38756654	0.630562	T	C	0.979737	0.989352	21.5262	3.5E-06	0.0493915	0.0107138	21.253	4.0E-06	21.3076	3.9E-06
rs193220952	7	83414684	1.0214	A	G	0.998959	0.831628	20.4873	6.0E-06	-0.234093	0.051591	20.5887	5.7E-06	20.6123	5.6E-06
rs142452920	7	96991965	1.13208	G	A	0.996951	0.819658	25.8372	3.7E-07	0.149801	0.0298809	25.133	5.4E-07	25.0378	5.6E-07
rs4730395	7	109243978	1.26071	G	A	0.0509436	0.987033	20.0533	7.5E-06	0.0313576	0.00704886	19.79	8.6E-06	19.8904	8.2E-06
rs1524280	7	109245363	1.26071	T	C	0.0498314	0.988096	21.7126	3.2E-06	0.0325847	0.00707136	21.2335	4.1E-06	21.376	3.8E-06
rs1357690	7	109248388	1.26071	G	A	0.0500992	0.988318	21.3688	3.8E-06	0.0323128	0.00705418	20.9825	4.6E-06	21.1095	4.3E-06
rs1916913	7	109251373	1.26073	C	T	0.0500656	0.98823	21.4494	3.6E-06	0.0323828	0.00705851	21.0476	4.5E-06	21.174	4.2E-06
rs6949142	7	109251487	1.26073	T	C	0.050063	0.987871	21.4089	3.7E-06	0.0323631	0.00705929	21.0173	4.6E-06	21.1418	4.3E-06
rs5886511	7	109251707	1.26074	C	CT	0.0487904	0.971351	21.274	4.0E-06	0.0329274	0.00716581	21.1147	4.3E-06	21.2016	4.1E-06
rs137987007	7	119983648	1.33247	G	C	0.998658	0.864876	19.1955	1.2E-05	-0.198238	0.044629	19.7305	8.9E-06	19.5194	1.0E-05
rs151324741	7	119986235	1.33247	T	C	0.998647	0.872221	19.3143	1.1E-05	-0.19769	0.0443348	19.883	8.2E-06	19.6747	9.2E-06
rs2597409	8	20533747	0.484538	G	A	0.564843	0.986457	19.9506	7.9E-06	-0.0135863	0.00301273	20.3367	6.5E-06	20.2175	6.9E-06
rs2616204	8	20536703	0.484543	G	T	0.561641	0.98834	19.6981	9.1E-06	-0.0134294	0.00300261	20.004	7.7E-06	19.8701	8.3E-06
rs11781439	8	20573754	0.484831	C	A	0.815795	0.997903	19.772	8.7E-06	-0.0172008	0.00386352	19.8212	8.5E-06	19.8391	8.4E-06
rs17421638	8	20577363	0.48486	C	T	0.81532	1	19.5627	9.7E-06	-0.017108	0.00385286	19.7166	9.0E-06	19.7326	8.9E-06
rs143877283	8	40774695	0.724403	G	T	0.992589	0.807696	18.9772	1.3E-05	-0.0859357	0.0190648	20.3181	6.6E-06	20.1512	7.2E-06
rs191215371	8	40774696	0.724403	G	T	0.992568	0.805169	19.0421	1.3E-05	-0.0860727	0.0190638	20.3851	6.3E-06	20.2161	6.9E-06
rs183966216	8	67114420	0.880862	G	T	0.998758	0.892049	22.721	1.9E-06	-0.214345	0.0444857	23.2159	1.4E-06	23.1311	1.5E-06
rs540882200	8	107289950	1.26569	G	C	0.998895	0.802446	19.2857	1.1E-05	-0.232784	0.0518193	20.18	7.0E-06	20.1046	7.3E-06
rs72699028	9	3275086	0.0951783	T	C	0.98754	0.878657	19.5586	9.8E-06	-0.0642882	0.0142851	20.2534	6.8E-06	20.2133	6.9E-06
rs141151577	9	18203060	0.377173	C	T	0.996551	0.912541	23.2695	1.4E-06	-0.131106	0.0268311	23.8765	1.0E-06	23.678	1.1E-06
rs564423279	9	22896293	0.445874	T	G	0.998209	0.876764	18.3509	1.8E-05	-0.169297	0.0374082	20.4816	6.0E-06	20.1764	7.1E-06
rs4077251	9	97377193	1.14457	T	A	0.601381	0.956238	21.5111	3.5E-06	-0.0153084	0.00310218	24.3514	8.0E-07	24.0629	9.3E-07
rs546831755	9	125725133	1.49964	G	A	0.996422	0.927089	21.1946	4.1E-06	0.118216	0.0258559	20.9043	4.8E-06	20.8039	5.1E-06
rs528387718	9	126046192	1.49994	T	C	0.996301	0.929611	19.9056	8.1E-06	0.112005	0.0252694	19.6466	9.3E-06	19.5645	9.7E-06
rs554600272	10	54416302	0.763422	T	G	0.997077	0.906654	17.5696	2.8E-05	0.12798	0.0288026	19.7434	8.9E-06	19.4442	1.0E-05
rs559958046	10	54455842	0.764239	C	T	0.997408	0.914488	18.5139	1.7E-05	0.139714	0.0307123	20.6945	5.4E-06	20.3673	6.4E-06
rs117012416	10	54514077	0.764681	G	A	0.995597	0.918309	19.2603	1.1E-05	0.108218	0.0235604	21.0977	4.4E-06	20.977	4.6E-06
rs117468990	10	54525029	0.764729	C	T	0.995441	0.943613	19.4353	1.0E-05	0.105188	0.0227452	21.387	3.8E-06	21.1895	4.2E-06
rs185102573	10	54540296	0.764967	T	C	0.996956	0.929903	18.9969	1.3E-05	0.128264	0.0280422	20.9213	4.8E-06	20.6128	5.6E-06
rs56116223	11	20262922	0.358332	C	T	0.967015	0.989718	19.1987	1.2E-05	0.0370824	0.00841472	19.4204	1.0E-05	19.5797	9.6E-06
rs72925260	11	20268714	0.358369	T	C	0.972332	0.996997	21.2674	4.0E-06	0.0421648	0.00911466	21.4003	3.7E-06	21.4897	3.6E-06
rs149933952	11	20278470	0.3584	A	AT	0.967102	0.977531	21.0713	4.4E-06	0.0390549	0.0084859	21.1814	4.2E-06	21.3638	3.8E-06
rs7947255	11	20334895	0.360034	T	C	0.0307363	0.971626	20.7507	5.2E-06	-0.0390539	0.00883456	19.5415	9.8E-06	19.7707	8.7E-06
rs72874615	11	29945788	0.476246	C	T	0.967005	0.983004	21.6642	3.2E-06	-0.0385931	0.00833878	21.4197	3.7E-06	21.4343	3.7E-06
rs76586316	11	74219566	0.8191	G	A	0.958834	1	21.3844	3.8E-06	0.0363319	0.00750847	23.4139	1.3E-06	23.2506	1.4E-06
rs7945698	11	74436356	0.822081	C	T	0.958297	0.962959	23.9953	9.7E-07	0.03617	0.00756981	22.8311	1.8E-06	23.0354	1.6E-06
rs191540135	11	74603418	0.822406	T	G	0.95869	0.991041	21.3916	3.7E-06	0.0335641	0.00750439	20.004	7.7E-06	20.2429	6.8E-06
11:74693072_AG_A	11	74693072	0.822462	AG	A	0.954727	0.969375	20.5056	5.9E-06	0.0321183	0.00727119	19.5117	1.0E-05	19.6621	9.2E-06
rs544115	11	74705696	0.822536	T	C	0.186636	1	20.0567	7.5E-06	0.0172843	0.0038533	20.1205	7.3E-06	20.3653	6.4E-06
rs536412	11	74715905	0.822547	C	G	0.188706	0.997977	19.6251	9.4E-06	0.0169615	0.00385123	19.3968	1.1E-05	19.6896	9.1E-06
rs3837410	11	74718087	0.822549	C	CAG	0.187417	0.996722	19.7799	8.7E-06	0.0172118	0.00386038	19.8788	8.3E-06	20.1362	7.2E-06
rs685116	11	74721702	0.822553	C	G	0.187979	0.99853	19.6796	9.2E-06	0.0170637	0.00385195	19.6239	9.4E-06	19.9026	8.1E-06
rs639768	11	74723556	0.822555	A	G	0.18656	0.998464	19.6073	9.5E-06	0.0172146	0.00386182	19.8706	8.3E-06	20.1263	7.2E-06
rs566480	11	74725865	0.822556	T	C	0.18721	0.998107	19.1187	1.2E-05	0.0169434	0.00385625	19.305	1.1E-05	19.5706	9.7E-06
rs551371	11	74729578	0.822559	A	G	0.186581	0.998164	19.5906	9.6E-06	0.0172108	0.00386233	19.8565	8.3E-06	20.1112	7.3E-06
rs522808	11	74730430	0.82256	C	T	0.188008	0.99803	19.6175	9.5E-06	0.0170416	0.00385273	19.5651	9.7E-06	19.8422	8.4E-06
rs12287793	11	74733227	0.822565	T	C	0.81344	0.997777	19.5849	9.6E-06	-0.0172008	0.00386321	19.8245	8.5E-06	20.0802	7.4E-06
rs11236291	11	74735208	0.822568	C	T	0.813425	0.99758	19.5805	9.6E-06	-0.0172026	0.00386356	19.8249	8.5E-06	20.0801	7.4E-06
rs11236292	11	74735237	0.822568	C	T	0.813425	0.997598	19.6138	9.5E-06	-0.017215	0.00386351	19.854	8.4E-06	20.1098	7.3E-06
rs59860682	11	74736197	0.82257	G	A	0.81342	0.997537	19.6339	9.4E-06	-0.0172238	0.00386359	19.8735	8.3E-06	20.1293	7.2E-06
rs7128833	11	74738440	0.822573	C	A	0.813371	0.997123	19.6768	9.2E-06	-0.0172569	0.00386415	19.9442	8.0E-06	20.1988	7.0E-06
rs529902532	11	80684064	0.901155	A	G	0.998709	0.742801	19.1925	1.2E-05	0.210374	0.0473131	19.7707	8.7E-06	19.7383	8.9E-06
rs570620548	11	80705001	0.901481	A	T	0.998718	0.750156	18.8511	1.4E-05	0.208697	0.0472677	19.4941	1.0E-05	19.4606	1.0E-05
rs140577074	12	101982929	1.19251	C	T	0.996117	0.898119	22.6699	1.9E-06	-0.120942	0.0249099	23.5728	1.2E-06	23.3475	1.4E-06
rs10850677	12	117027499	1.38614	T	C	0.85176	0.99451	20.8945	4.9E-06	-0.0191419	0.00419274	20.8436	5.0E-06	20.7702	5.2E-06
rs768563877	13	27837431	0.193317	G	A	0.99784	0.902371	19.1709	1.2E-05	0.149802	0.0336805	19.7824	8.7E-06	19.7036	9.0E-06
rs575850647	13	27843976	0.193337	A	C	0.99784	0.902604	19.1967	1.2E-05	0.149938	0.0336856	19.8123	8.5E-06	19.7334	8.9E-06
13:77930920_CCT_C	13	77930920	0.770855	CCT	C	0.939375	0.913726	22.6491	1.9E-06	-0.0320265	0.00652599	24.0839	9.2E-07	24.0681	9.3E-07
rs553481506	13	82464671	0.810433	G	A	0.998827	0.896454	24.5216	7.3E-07	0.234937	0.0458714	26.2312	3.0E-07	25.8864	3.6E-07
rs546664746	13	82754157	0.813287	C	T	0.998647	0.874799	21.2032	4.1E-06	0.204335	0.043297	22.2726	2.4E-06	22.1375	2.5E-06
rs561498716	13	82782157	0.813293	A	C	0.998625	0.875295	21.0673	4.4E-06	0.202251	0.0430424	22.0796	2.6E-06	21.9543	2.8E-06
rs545120696	13	82833330	0.813337	C	T	0.998566	0.774792	19.6077	9.5E-06	0.203342	0.0448284	20.5753	5.7E-06	20.4645	6.1E-06
rs4901977	14	60789176	0.547595	C	T	0.69548	0.97654	20.673	5.4E-06	0.0149684	0.00327017	20.9512	4.7E-06	20.9102	4.8E-06
rs10220706	14	60800986	0.547624	A	C	0.684149	0.984348	22.2999	2.3E-06	0.0153505	0.00323562	22.5078	2.1E-06	22.4317	2.2E-06
rs7493429	14	60806759	0.547642	A	C	0.682975	0.985888	21.6526	3.3E-06	0.0151106	0.00322708	21.9252	2.8E-06	21.844	3.0E-06
rs10162287	14	60808553	0.547654	C	G	0.683519	0.979466	22.2414	2.4E-06	0.0153725	0.00324135	22.4926	2.1E-06	22.4053	2.2E-06
rs8015152	14	60811999	0.547674	C	T	0.680809	0.992523	23.4558	1.3E-06	0.0156789	0.00321304	23.8123	1.1E-06	23.7182	1.1E-06
rs10151339	14	60813416	0.547677	G	T	0.681237	0.992842	23.6171	1.2E-06	0.0157445	0.00321283	24.0151	9.6E-07	23.9165	1.0E-06
rs1010053	14	61005625	0.547756	A	G	0.696611	0.997802	23.5327	1.2E-06	0.015978	0.00324276	24.2781	8.3E-07	24.1065	9.1E-07
rs12883754	14	61006889	0.547756	C	T	0.696611	0.997785	23.5327	1.2E-06	0.015978	0.00324276	24.2781	8.3E-07	24.1065	9.1E-07
rs10146342	14	61007104	0.547756	A	G	0.696665	0.997569	23.313	1.4E-06	0.0159175	0.00324348	24.084	9.2E-07	23.9166	1.0E-06
rs7159392	14	61008596	0.547756	T	C	0.398103	0.998462	20.2827	6.7E-06	-0.0139109	0.0030638	20.6153	5.6E-06	20.6114	5.6E-06
rs12589689	14	61012559	0.547756	A	T	0.696599	0.997695	23.3341	1.4E-06	0.0159267	0.00324215	24.1316	9.0E-07	23.9592	9.8E-07
rs2351174	14	61013237	0.547756	G	T	0.397948	0.998176	20.3771	6.4E-06	-0.0139327	0.00306258	20.6966	5.4E-06	20.6932	5.4E-06
14:61017881_GTTC_G	14	61017881	0.547756	GTTC	G	0.698011	0.979911	23.347	1.4E-06	0.0160728	0.00327877	24.0304	9.5E-07	23.8455	1.0E-06
rs1955695	14	61021891	0.547756	A	G	0.397185	0.997664	20.0001	7.7E-06	-0.0137896	0.00306467	20.2457	6.8E-06	20.2479	6.8E-06
rs4442732	14	61025617	0.547767	A	G	0.397351	0.9976	20.4043	6.3E-06	-0.0139464	0.00306508	20.7033	5.4E-06	20.7065	5.4E-06
rs1555211	14	61025791	0.547768	C	T	0.696764	0.996718	23.3828	1.3E-06	0.015909	0.00324303	24.0647	9.3E-07	23.9067	1.0E-06
rs781675064	15	36787065	0.553455	G	A	0.998531	0.864769	20.8535	5.0E-06	0.194527	0.0418794	21.5753	3.4E-06	21.7442	3.1E-06
rs72748006	15	86546128	1.0999	G	A	0.91335	0.99721	19.056	1.3E-05	-0.0236085	0.00529857	19.8527	8.4E-06	19.5076	1.0E-05
rs184858199	16	3120216	0.0622204	T	G	0.996284	0.801493	20.4737	6.0E-06	-0.122934	0.0273992	20.1312	7.2E-06	20.1845	7.0E-06
rs79745043	16	4254176	0.0770329	A	G	0.985394	0.856189	20.854	5.0E-06	-0.0604002	0.0132847	20.6716	5.5E-06	20.6862	5.4E-06
rs215562	16	15969819	0.327225	G	C	0.994952	0.881787	18.8164	1.4E-05	0.10044	0.02249	19.945	8.0E-06	19.7843	8.7E-06
rs190952289	16	52087958	0.622573	G	A	0.992511	0.864755	20.9061	4.8E-06	-0.0841696	0.018523	20.6484	5.5E-06	20.6118	5.6E-06
rs9903122	17	4466554	0.123233	C	T	0.376029	0.937368	20.3319	6.5E-06	0.0140815	0.00318767	19.5142	1.0E-05	19.545	9.8E-06
rs184464366	17	32954944	0.570321	C	T	0.996533	0.920159	22.4811	2.1E-06	0.126443	0.0267791	22.2943	2.3E-06	22.2193	2.4E-06
rs62095086	18	47820899	0.697853	C	T	0.948069	0.965859	20.0776	7.4E-06	-0.0309529	0.00687892	20.2471	6.8E-06	19.9893	7.8E-06
rs192430015	21	22995649	0.179737	A	T	0.998916	0.761226	24.7066	6.7E-07	-0.249723	0.0508312	24.1355	9.0E-07	24.3368	8.1E-07
rs190375480	21	47628383	0.645011	C	G	0.99586	0.814742	20.5346	5.9E-06	0.116378	0.025716	20.48	6.0E-06	20.532	5.9E-06
rs535354717	21	47629108	0.645013	C	T	0.995882	0.815277	20.049	7.5E-06	0.115508	0.0257579	20.1095	7.3E-06	20.1582	7.1E-06
