rs2843142	1	2270098	0.0265047	A	G	0.451145	0.988738	19.5776	9.7E-06	0.0365765	0.00809974	20.3921	6.3E-06	20.3207	6.5E-06
rs566503005	1	35039829	0.599129	C	T	0.997144	0.907194	19.0862	1.2E-05	0.352734	0.0798627	19.5077	1.0E-05	19.4846	1.0E-05
rs531190635	1	98783848	1.28171	T	G	0.996901	0.797291	22.5635	2.0E-06	-0.379756	0.0788177	23.2146	1.4E-06	23.1629	1.5E-06
rs182111028	1	98936233	1.28454	G	A	0.997564	0.799097	19.4148	1.1E-05	-0.404534	0.0897099	20.3343	6.5E-06	20.3047	6.6E-06
rs186137028	1	162509765	1.79894	C	T	0.997182	0.851417	21.3602	3.8E-06	-0.365518	0.0801564	20.7942	5.1E-06	20.7856	5.1E-06
rs11801416	1	176491677	1.97435	C	T	0.874477	0.99271	21.4715	3.6E-06	-0.0565893	0.012207	21.4909	3.6E-06	21.4955	3.5E-06
rs78538575	1	176491936	1.97435	C	T	0.87448	0.9927	21.4791	3.6E-06	-0.0565988	0.0122069	21.4982	3.5E-06	21.5029	3.5E-06
rs78026437	1	176493413	1.97435	C	T	0.874593	0.992951	21.5668	3.4E-06	-0.0567319	0.0122092	21.5915	3.4E-06	21.5976	3.4E-06
rs10913195	1	176494164	1.97436	G	C	0.87476	0.993072	21.5527	3.4E-06	-0.0567419	0.0122124	21.5878	3.4E-06	21.5931	3.4E-06
rs6694646	1	176502061	1.97438	C	T	0.871841	0.996724	21.3117	3.9E-06	-0.0558036	0.0121064	21.247	4.0E-06	21.2514	4.0E-06
rs11409028	1	176503221	1.97438	T	TA	0.87419	0.99463	20.0282	7.6E-06	-0.0546063	0.0121815	20.0948	7.4E-06	20.0937	7.4E-06
rs7530550	1	176503934	1.97438	G	C	0.873696	0.996559	20.4866	6.0E-06	-0.0551534	0.0121479	20.6132	5.6E-06	20.6093	5.6E-06
rs78423760	1	176504523	1.97438	G	T	0.873696	0.996565	20.4866	6.0E-06	-0.0551534	0.0121479	20.6132	5.6E-06	20.6093	5.6E-06
rs7525888	1	176504936	1.97438	T	A	0.873815	0.99672	21.2444	4.0E-06	-0.0560892	0.0121535	21.2988	3.9E-06	21.2979	3.9E-06
rs80065819	1	176506190	1.97438	C	T	0.873815	0.996719	21.2445	4.0E-06	-0.0560891	0.0121535	21.2989	3.9E-06	21.298	3.9E-06
rs6663136	1	176507646	1.97438	T	C	0.873687	0.996538	20.4586	6.1E-06	-0.0551142	0.0121477	20.5844	5.7E-06	20.5806	5.7E-06
rs80350248	1	176508017	1.97438	T	C	0.873812	0.996704	21.2259	4.1E-06	-0.0560655	0.0121535	21.2809	4.0E-06	21.2801	4.0E-06
rs6697057	1	176508135	1.97438	C	T	0.873813	0.996702	21.2152	4.1E-06	-0.0560513	0.0121535	21.2702	4.0E-06	21.2694	4.0E-06
rs992922	1	176508293	1.97438	T	C	0.873813	0.996702	21.2152	4.1E-06	-0.0560513	0.0121535	21.2702	4.0E-06	21.2694	4.0E-06
rs6699959	1	176508608	1.97438	C	T	0.873777	0.996595	21.1298	4.3E-06	-0.0559412	0.0121529	21.1886	4.2E-06	21.1882	4.2E-06
rs6425389	1	176509182	1.97438	A	T	0.873829	0.996718	21.2627	4.0E-06	-0.0561099	0.0121533	21.3152	3.9E-06	21.3147	3.9E-06
rs78337574	1	176509986	1.97438	T	G	0.873703	0.996524	20.485	6.0E-06	-0.055146	0.0121476	20.6085	5.6E-06	20.6051	5.6E-06
rs2235659	1	176512395	1.97439	T	C	0.873937	0.996351	20.7971	5.1E-06	-0.0556039	0.0121567	20.921	4.8E-06	20.9189	4.8E-06
rs6425390	1	176518286	1.9744	C	T	0.874348	0.994619	21.3064	3.9E-06	-0.0562828	0.0121752	21.3699	3.8E-06	21.3694	3.8E-06
rs6670107	1	194001984	2.12645	G	A	0.825985	0.995469	20.848	5.0E-06	0.0488076	0.0106819	20.8774	4.9E-06	20.9008	4.8E-06
rs12731751	1	194011835	2.12646	G	A	0.826317	0.997371	19.9927	7.8E-06	0.0478293	0.0106743	20.0774	7.4E-06	20.1016	7.3E-06
rs958437	1	194013121	2.12646	T	G	0.826553	0.997199	19.6045	9.5E-06	0.0474203	0.0106781	19.7214	9.0E-06	19.7428	8.9E-06
rs368878902	1	222017788	2.45719	T	TACACACACCAC	0.985667	0.722017	20.0376	7.6E-06	-0.179836	0.0399664	20.2471	6.8E-06	20.2643	6.7E-06
rs111762967	2	80913711	1.12391	G	A	0.977882	0.95912	20.0798	7.4E-06	0.124809	0.0278511	20.0821	7.4E-06	20.0092	7.7E-06
rs188112267	2	142929342	1.64084	G	A	0.999141	0.755419	20.2366	6.8E-06	-0.747066	0.16636	20.1661	7.1E-06	20.141	7.2E-06
rs370638905	2	208641767	2.21542	T	C	0.998495	0.842293	20.0577	7.5E-06	-0.549571	0.122288	20.1967	7.0E-06	20.164	7.1E-06
rs555188860	3	41886283	0.649226	A	T	0.557391	0.794021	20.7099	5.3E-06	0.0410328	0.00908969	20.3782	6.4E-06	20.4705	6.1E-06
rs79440587	3	156758276	1.71129	T	C	0.99792	0.897529	22.0913	2.6E-06	-0.411398	0.0930973	19.5276	9.9E-06	19.6513	9.3E-06
rs75265063	3	156760026	1.71129	T	A	0.997895	0.896162	21.9167	2.8E-06	-0.408859	0.0929143	19.3634	1.1E-05	19.4878	1.0E-05
rs768887851	3	158827274	1.72352	A	G	0.998896	0.745327	19.6895	9.1E-06	-0.599744	0.135926	19.4682	1.0E-05	19.5065	1.0E-05
rs7661744	4	17288384	0.329787	C	G	0.554097	1	22.2503	2.4E-06	-0.0378219	0.00809347	21.8382	3.0E-06	21.8795	2.9E-06
rs2109606	4	17288830	0.329795	C	T	0.555443	0.989461	22.9134	1.7E-06	-0.0385453	0.0081226	22.5192	2.1E-06	22.5552	2.0E-06
4:54534449_CTTGGGG_C	4	54534449	0.701575	CTTGGGG	C	0.366749	0.997028	20.5572	5.8E-06	0.0375763	0.008353	20.2369	6.8E-06	20.255	6.8E-06
rs548812658	4	86824996	1.02329	C	G	0.998437	0.770961	21.3413	3.8E-06	-0.536895	0.116742	21.1508	4.2E-06	21.1019	4.4E-06
rs181496745	4	126786196	1.36952	G	A	0.985986	0.917141	25.2068	5.1E-07	-0.176059	0.0351747	25.0527	5.6E-07	24.9783	5.8E-07
rs76347160	4	126967049	1.37032	T	C	0.984434	0.917495	24.0255	9.5E-07	-0.166234	0.0339698	23.9472	9.9E-07	23.9017	1.0E-06
4:127142762_CA_C	4	127142762	1.37105	CA	C	0.997141	0.831533	19.8546	8.4E-06	-0.364512	0.080865	20.319	6.6E-06	20.2331	6.9E-06
rs561161846	4	181638385	1.9573	G	A	0.996795	0.968561	19.6768	9.2E-06	0.321892	0.0724522	19.7386	8.9E-06	19.7345	8.9E-06
rs564769081	4	181645324	1.95733	G	A	0.996813	0.973286	19.4434	1.0E-05	0.31971	0.072401	19.4996	1.0E-05	19.4966	1.0E-05
rs540443589	4	184710917	2.04166	T	C	0.998955	0.829976	19.5701	9.7E-06	-0.614418	0.138231	19.7569	8.8E-06	19.6225	9.4E-06
rs2910923	5	32350383	0.50419	G	T	0.578625	0.99088	20.0337	7.6E-06	0.0367861	0.00817387	20.2541	6.8E-06	20.1173	7.3E-06
rs199762167	5	32369074	0.504209	AAC	A	0.577999	0.99027	19.6089	9.5E-06	0.0363047	0.00817141	19.7393	8.9E-06	19.6098	9.5E-06
rs7718350	5	32385865	0.504229	G	A	0.563801	0.995677	19.5199	1.0E-05	0.0360447	0.00811897	19.7097	9.0E-06	19.5781	9.7E-06
rs7718355	5	32385870	0.504229	G	A	0.563742	0.995696	19.3992	1.1E-05	0.0359331	0.00811955	19.5851	9.6E-06	19.4545	1.0E-05
rs9986127	5	34055020	0.535725	C	T	0.968809	1	20.9494	4.7E-06	-0.105087	0.0232633	20.4057	6.3E-06	20.4123	6.2E-06
rs547207942	5	103427993	1.12075	C	T	0.997824	0.892496	21.1931	4.2E-06	-0.418684	0.0910329	21.1532	4.2E-06	21.1691	4.2E-06
5:103555579_TC_T	5	103555579	1.12135	TC	T	0.997914	0.837438	23.9425	9.9E-07	-0.470684	0.0963198	23.8796	1.0E-06	23.904	1.0E-06
rs189647966	5	103655794	1.12178	T	C	0.998061	0.863096	19.5333	9.9E-06	-0.425551	0.0962215	19.5596	9.8E-06	19.5552	9.8E-06
rs10051297	5	171772889	1.8889	T	C	0.928109	0.995509	19.7232	9.0E-06	-0.0682661	0.0154627	19.4913	1.0E-05	19.5102	1.0E-05
rs192668732	6	7137497	0.195498	C	T	0.994372	0.907857	21.0438	4.5E-06	-0.257804	0.0563685	20.9174	4.8E-06	20.9024	4.8E-06
rs549565256	6	16455186	0.345326	G	A	0.999091	0.84453	21.0349	4.5E-06	-0.66963	0.144905	21.3552	3.8E-06	21.2785	4.0E-06
rs148918423	6	47436102	0.735193	G	C	0.99807	0.823097	19.3583	1.1E-05	0.451963	0.102006	19.6315	9.4E-06	19.6295	9.4E-06
rs140966892	6	53722528	0.782812	A	G	0.972839	0.973909	20.8795	4.9E-06	-0.114399	0.0251304	20.7228	5.3E-06	20.6873	5.4E-06
rs146364341	6	67414093	0.831738	G	A	0.998589	0.819688	23.6653	1.1E-06	-0.560415	0.114138	24.1077	9.1E-07	24.091	9.2E-07
rs188512720	6	67417030	0.831742	C	T	0.99867	0.898037	26.1099	3.2E-07	-0.595835	0.115302	26.704	2.4E-07	26.6807	2.4E-07
rs141968142	6	80799191	0.920689	C	T	0.997915	0.845491	22.8488	1.8E-06	-0.455664	0.0954542	22.7876	1.8E-06	22.7734	1.8E-06
rs139719291	6	80853181	0.920944	C	T	0.997714	0.906283	22.4498	2.2E-06	-0.409743	0.0867098	22.3299	2.3E-06	22.3108	2.3E-06
rs147964844	6	81002493	0.921172	A	G	0.997616	0.904531	21.107	4.3E-06	-0.388441	0.0847998	20.9827	4.6E-06	20.9689	4.7E-06
rs138550788	6	81048516	0.921267	C	T	0.997717	0.875887	20.8846	4.9E-06	-0.403391	0.088459	20.7955	5.1E-06	20.7817	5.1E-06
6:106683350_GT_G	6	106683350	1.14506	GT	G	0.917468	0.954037	20.3837	6.3E-06	-0.0674926	0.0148429	20.6763	5.4E-06	20.6122	5.6E-06
rs576537481	6	106683352	1.14506	G	A	0.917468	0.954037	20.3837	6.3E-06	-0.0674926	0.0148429	20.6763	5.4E-06	20.6122	5.6E-06
rs536055789	6	109688746	1.18773	G	A	0.997958	0.889333	19.7129	9.0E-06	-0.415908	0.092552	20.1941	7.0E-06	20.1691	7.1E-06
rs73775458	6	140306269	1.50687	T	C	0.998035	0.908267	29.0235	7.2E-08	0.483794	0.0951993	25.8257	3.7E-07	25.9877	3.4E-07
rs74532053	6	140318982	1.50688	G	A	0.998504	0.91132	24.9085	6.0E-07	0.503017	0.10536	22.7936	1.8E-06	22.9056	1.7E-06
rs144441710	6	140334169	1.50694	C	T	0.997949	0.926967	22.9269	1.7E-06	0.412781	0.0905187	20.7952	5.1E-06	20.9102	4.8E-06
rs141720166	6	140334777	1.50694	C	T	0.998088	0.928614	22.48	2.1E-06	0.424518	0.0936942	20.529	5.9E-06	20.6412	5.5E-06
rs185252918	6	148253556	1.56895	T	G	0.995311	0.918854	24.0366	9.5E-07	-0.293532	0.0607033	23.3823	1.3E-06	23.3285	1.4E-06
rs13210376	6	164040976	1.83281	A	T	0.702684	0.991937	19.7753	8.7E-06	-0.039119	0.00881866	19.6775	9.2E-06	19.6697	9.2E-06
rs6910433	6	164042186	1.83282	G	A	0.702224	0.993068	19.6797	9.2E-06	-0.038984	0.00881109	19.5755	9.7E-06	19.5701	9.7E-06
rs34108663	6	164042531	1.83282	A	G	0.701884	0.993446	19.7693	8.7E-06	-0.0390423	0.00880896	19.6436	9.3E-06	19.6381	9.4E-06
rs13211174	6	164043195	1.83282	C	T	0.702063	0.994574	19.8933	8.2E-06	-0.0391373	0.00880212	19.77	8.7E-06	19.7625	8.8E-06
rs6933936	6	164043825	1.83283	C	T	0.702524	0.995149	20.0968	7.4E-06	-0.0393296	0.00880386	19.9569	7.9E-06	19.9489	8.0E-06
rs34920387	6	164045477	1.83283	T	TG	0.701788	0.995389	20.3661	6.4E-06	-0.0395649	0.0088002	20.2132	6.9E-06	20.2032	7.0E-06
rs7755325	6	164051548	1.83288	T	G	0.71406	0.989357	19.6336	9.4E-06	-0.0394122	0.00893277	19.4666	1.0E-05	19.4591	1.0E-05
rs55897764	6	164051876	1.83289	T	C	0.702744	0.987551	19.8096	8.6E-06	-0.0391313	0.00885039	19.549	9.8E-06	19.5326	9.9E-06
rs35352116	6	164052493	1.8329	C	T	0.752319	0.987168	20.1299	7.2E-06	-0.0417076	0.00934051	19.9383	8.0E-06	19.913	8.1E-06
rs1322887	6	164058243	1.83307	A	G	0.763995	0.994639	22.3245	2.3E-06	-0.0443826	0.00945829	22.0191	2.7E-06	21.9657	2.8E-06
rs7744325	6	164059136	1.8331	G	A	0.763694	1	23.4612	1.3E-06	-0.045294	0.00943236	23.059	1.6E-06	23.0044	1.6E-06
rs9365594	6	164059627	1.83312	T	C	0.784722	0.919251	22.2552	2.4E-06	-0.0474801	0.0101477	21.8922	2.9E-06	21.8331	3.0E-06
rs11759526	6	164059900	1.83314	A	G	0.765038	0.98777	20.5362	5.9E-06	-0.0425959	0.00950744	20.0729	7.5E-06	20.0302	7.6E-06
7:10923092_CT_C	7	10923092	0.203557	CT	C	0.0876372	0.949819	22.9178	1.7E-06	-0.0697932	0.0144612	23.2925	1.4E-06	23.259	1.4E-06
rs541048866	7	30644557	0.511219	T	G	0.996253	0.905121	20.4201	6.2E-06	0.313186	0.0694658	20.3265	6.5E-06	20.2789	6.7E-06
rs117613231	7	55349482	0.813059	T	C	0.959937	1	19.6727	9.2E-06	0.0886996	0.0199916	19.6856	9.1E-06	19.7425	8.9E-06
rs28521824	7	101087924	1.16556	G	A	0.984286	0.96999	19.6814	9.1E-06	-0.14616	0.0328849	19.7545	8.8E-06	19.6567	9.3E-06
rs17372315	7	105879467	1.21586	T	G	0.99072	1	21.1969	4.1E-06	-0.193651	0.0417986	21.4643	3.6E-06	21.3713	3.8E-06
rs542293061	7	130081050	1.40046	C	T	0.993044	0.984308	21.9476	2.8E-06	0.231872	0.0484838	22.8721	1.7E-06	22.8259	1.8E-06
7:130084589_GT_G	7	130084589	1.40047	GT	G	0.993078	0.986459	20.4752	6.0E-06	0.224978	0.0487155	21.3277	3.9E-06	21.2839	4.0E-06
rs183515818	7	130283925	1.40097	C	T	0.993266	0.972661	22.7086	1.9E-06	0.239014	0.0492898	23.5142	1.2E-06	23.4678	1.3E-06
rs188225079	7	130331698	1.40099	G	C	0.993067	0.993363	21.4342	3.7E-06	0.228176	0.0483145	22.3041	2.3E-06	22.2572	2.4E-06
rs116998793	7	130359337	1.40101	A	G	0.99326	0.98022	21.8251	3.0E-06	0.234335	0.0492047	22.681	1.9E-06	22.6346	2.0E-06
rs200161528	7	142510296	1.57662	C	T	0.995709	0.844596	19.8229	8.5E-06	-0.299435	0.0665411	20.25	6.8E-06	20.2242	6.9E-06
rs117280306	8	41804959	0.737558	G	C	0.997646	0.922296	21.3327	3.9E-06	-0.397317	0.0852854	21.7033	3.2E-06	21.6471	3.3E-06
rs192034091	8	41940384	0.737897	C	A	0.997403	0.890444	27.6846	1.4E-07	-0.441189	0.0835985	27.8517	1.3E-07	27.8149	1.3E-07
rs188217079	8	41951131	0.738059	C	T	0.997679	0.944334	25.0272	5.7E-07	-0.430473	0.0855245	25.3344	4.8E-07	25.262	5.0E-07
rs12156321	8	59015503	0.813547	C	T	0.87021	0.989429	21.4278	3.7E-06	0.0554936	0.0119825	21.4484	3.6E-06	21.3776	3.8E-06
rs13271652	8	59021845	0.813566	G	A	0.873025	0.997983	22.4344	2.2E-06	0.05726	0.0120664	22.5188	2.1E-06	22.4513	2.2E-06
rs17175804	8	59023484	0.813572	C	G	0.872804	0.996994	22.6424	2.0E-06	0.057525	0.0120648	22.734	1.9E-06	22.6644	1.9E-06
rs13266191	8	59024803	0.813613	G	A	0.87322	0.994972	21.1238	4.3E-06	0.0557388	0.012101	21.2165	4.1E-06	21.1505	4.2E-06
8:59038795_CT_C	8	59038795	0.813846	CT	C	0.872647	0.978554	21.2873	4.0E-06	0.0563747	0.0121671	21.4683	3.6E-06	21.3895	3.7E-06
rs17176389	8	59041576	0.813898	C	T	0.873307	0.981711	21.1982	4.1E-06	0.0563237	0.0121911	21.3449	3.8E-06	21.2644	4.0E-06
8:59046641_ATTAT_A	8	59046641	0.814041	ATTAT	A	0.874329	0.957393	19.5661	9.7E-06	0.0549985	0.0123779	19.7426	8.9E-06	19.6588	9.3E-06
rs140012685	8	62400504	0.854061	A	C	0.99839	0.86696	22.5751	2.0E-06	0.513241	0.107734	22.6953	1.9E-06	22.6873	1.9E-06
rs141396235	8	62428066	0.854092	A	G	0.998257	0.921067	23.0805	1.6E-06	0.487593	0.100971	23.3198	1.4E-06	23.2986	1.4E-06
rs141123500	8	62470010	0.854194	G	A	0.99823	0.873759	22.4637	2.1E-06	0.482956	0.101706	22.5486	2.0E-06	22.5257	2.1E-06
rs138273204	8	62556879	0.855188	C	T	0.998442	0.86074	19.2106	1.2E-05	0.480837	0.108567	19.6155	9.5E-06	19.6392	9.4E-06
rs7836738	8	118794474	1.34081	G	A	0.629763	0.994097	19.6305	9.4E-06	-0.0370252	0.00830208	19.8894	8.2E-06	19.909	8.1E-06
rs191322701	9	74907011	0.854157	T	C	0.996824	0.793224	24.4435	7.7E-07	-0.395474	0.0797139	24.6132	7.0E-07	24.6184	7.0E-07
rs138030460	10	6069145	0.130997	C	T	0.9925	0.895978	19.7716	8.7E-06	0.219843	0.0494208	19.7882	8.7E-06	19.8051	8.6E-06
rs117728302	10	20760838	0.453736	G	A	0.942369	0.988942	22.1992	2.5E-06	-0.0821865	0.0173503	22.4382	2.2E-06	22.4605	2.1E-06
rs55785445	10	20762329	0.453756	A	G	0.941047	0.995877	21.0074	4.6E-06	-0.0789389	0.0171261	21.2455	4.0E-06	21.2653	4.0E-06
rs11012068	10	20763305	0.453759	T	A	0.941277	0.996994	21.7702	3.1E-06	-0.0804376	0.0171469	22.0063	2.7E-06	22.0337	2.7E-06
rs11012074	10	20765063	0.453762	A	G	0.941187	0.997526	19.8626	8.3E-06	-0.0767945	0.0171308	20.0958	7.4E-06	20.1128	7.3E-06
rs11012075	10	20765114	0.453762	T	C	0.941187	0.997546	19.8623	8.3E-06	-0.076794	0.0171308	20.0956	7.4E-06	20.1125	7.3E-06
rs11012077	10	20768098	0.453767	G	A	0.94201	1	23.0608	1.6E-06	-0.0830647	0.0172291	23.2439	1.4E-06	23.2712	1.4E-06
rs11012078	10	20768287	0.453767	A	T	0.94182	0.998144	21.6482	3.3E-06	-0.0804891	0.0172053	21.8851	2.9E-06	21.9094	2.9E-06
rs80120044	10	20769496	0.453771	A	G	0.925208	0.981069	19.2058	1.2E-05	-0.0680062	0.0154083	19.48	1.0E-05	19.5165	1.0E-05
rs45497795	10	20772014	0.453807	G	C	0.941577	0.994522	21.3534	3.8E-06	-0.0799221	0.0172078	21.5717	3.4E-06	21.5989	3.4E-06
rs190082492	10	81901088	1.0782	C	T	0.9981	0.784704	25.8468	3.7E-07	-0.507638	0.0997424	25.9029	3.6E-07	25.759	3.9E-07
rs79334498	10	97724159	1.2407	A	T	0.978707	0.979008	20.3066	6.6E-06	-0.125238	0.0279743	20.0424	7.6E-06	20.093	7.4E-06
rs10894220	11	99854735	1.08579	G	A	0.79983	0.989514	19.7095	9.0E-06	-0.0456532	0.0101594	20.1931	7.0E-06	20.2175	6.9E-06
rs7951632	11	110853185	1.18008	G	A	0.932291	0.932021	19.923	8.1E-06	-0.0747198	0.0165998	20.2613	6.8E-06	20.2174	6.9E-06
rs147478858	12	2536730	0.0524548	T	C	0.982171	0.929692	20.5691	5.8E-06	-0.140994	0.0313668	20.205	7.0E-06	20.1659	7.1E-06
rs147770350	12	5307874	0.130849	T	C	0.997978	0.881193	20.111	7.3E-06	-0.435976	0.0960824	20.5891	5.7E-06	20.4902	6.0E-06
rs11559856	12	5850904	0.142284	A	T	0.999148	0.867199	26.3867	2.8E-07	0.713625	0.148709	23.0286	1.6E-06	23.1241	1.5E-06
rs573397323	12	51541312	0.63903	T	TG	0.688897	0.964716	19.6472	9.3E-06	0.0388806	0.00881754	19.4434	1.0E-05	19.4409	1.0E-05
rs148579337	12	109726159	1.29158	T	G	0.982101	0.979925	20.7891	5.1E-06	0.139233	0.0302681	21.16	4.2E-06	21.1339	4.3E-06
rs141026408	12	109731389	1.29159	G	A	0.981868	0.982263	20.728	5.3E-06	0.138293	0.0301352	21.0595	4.5E-06	21.0308	4.5E-06
rs140118612	12	109734886	1.29161	G	C	0.981874	0.983169	20.4318	6.2E-06	0.137284	0.030132	20.7579	5.2E-06	20.7299	5.3E-06
rs117483558	12	109768522	1.29197	A	G	0.98291	0.953372	21.4768	3.6E-06	0.147371	0.0317032	21.6083	3.3E-06	21.6015	3.4E-06
rs183324602	13	80354445	0.793523	C	T	0.996685	0.942407	19.8663	8.3E-06	-0.325538	0.0721122	20.3792	6.4E-06	20.3039	6.6E-06
rs190765140	13	99473304	0.97683	A	G	0.994903	0.748429	20.3954	6.3E-06	-0.293691	0.0645105	20.7262	5.3E-06	20.744	5.2E-06
rs190413356	13	109154422	1.17284	G	A	0.999052	0.821124	20.5762	5.7E-06	0.638379	0.140905	20.526	5.9E-06	20.4984	6.0E-06
rs183704152	14	85770642	0.797982	C	T	0.999333	0.935387	21.3045	3.9E-06	-0.756965	0.164688	21.1264	4.3E-06	21.0915	4.4E-06
rs78309875	15	37396580	0.565465	T	C	0.999314	0.845234	22.7341	1.9E-06	0.757165	0.166752	20.6176	5.6E-06	20.6784	5.4E-06
16:86490457_CCTTT_C	16	86490457	1.22576	CCTTT	C	0.753977	0.965612	20.6911	5.4E-06	-0.0426777	0.00942594	20.5	6.0E-06	20.4563	6.1E-06
rs556262044	17	4346486	0.115375	C	G	0.99893	0.801946	22.977	1.6E-06	-0.691278	0.144492	22.8884	1.7E-06	22.9038	1.7E-06
rs142884865	17	42749947	0.680982	T	C	0.995396	0.933787	20.2393	6.8E-06	-0.279092	0.0619621	20.2882	6.7E-06	20.3079	6.6E-06
rs534844719	17	64628872	0.92352	T	C	0.998985	0.788012	20.7685	5.2E-06	-0.657778	0.142933	21.1784	4.2E-06	21.17	4.2E-06
rs184733334	17	75938322	1.156	C	G	0.998075	0.768894	20.0621	7.5E-06	0.456539	0.103088	19.6127	9.5E-06	19.687	9.1E-06
rs16948220	18	5446616	0.172665	G	A	0.989441	0.95633	21.7048	3.2E-06	-0.187338	0.0406392	21.2501	4.0E-06	21.1558	4.2E-06
rs2272131	18	5447916	0.172677	C	T	0.99007	0.964843	20.2441	6.8E-06	-0.187304	0.0417047	20.1707	7.1E-06	20.0682	7.5E-06
rs76863903	18	5449726	0.172692	G	A	0.990637	0.968485	19.557	9.8E-06	-0.189562	0.0428483	19.5721	9.7E-06	19.4526	1.0E-05
18:5450640_TA_T	18	5450640	0.1727	TA	T	0.984577	0.866101	23.6408	1.2E-06	-0.173784	0.0357678	23.6066	1.2E-06	23.4934	1.3E-06
rs12458297	18	5451029	0.172704	G	A	0.99023	0.971803	21.2695	4.0E-06	-0.192763	0.0418535	21.2121	4.1E-06	21.1126	4.3E-06
rs60484117	18	5453658	0.172726	C	T	0.991087	0.981118	21.0106	4.6E-06	-0.199359	0.0436052	20.9023	4.8E-06	20.7868	5.1E-06
rs140621254	18	10771151	0.332776	C	T	0.996877	0.924524	19.6442	9.3E-06	-0.328629	0.0745896	19.4114	1.1E-05	19.4323	1.0E-05
18:47041548_CTTATTTATTTATTTAT_C	18	47041548	0.687898	CTTATTTATTTATTTAT	C	0.991584	0.914025	20.1954	7.0E-06	-0.201502	0.0450704	19.9882	7.8E-06	19.9724	7.9E-06
rs565102841	18	72513705	1.06852	G	A	0.997961	0.877062	19.7078	9.0E-06	-0.41419	0.0936467	19.5621	9.7E-06	19.4624	1.0E-05
rs561267539	19	877845	0.0301091	C	A	0.987871	0.912646	19.9406	8.0E-06	-0.171206	0.0378546	20.455	6.1E-06	20.4399	6.2E-06
rs10421135	19	53280881	0.886957	G	A	0.981998	0.955421	20.6473	5.5E-06	-0.138616	0.030601	20.5189	5.9E-06	20.535	5.9E-06
rs62117457	19	53281348	0.887054	C	A	0.983296	1	24.2429	8.5E-07	-0.152207	0.0310693	23.9997	9.6E-07	24.0423	9.4E-07
rs10415079	19	53281845	0.887157	A	G	0.98315	0.991788	23.86	1.0E-06	-0.150886	0.0310599	23.5991	1.2E-06	23.6441	1.2E-06
rs10416374	19	53282316	0.887251	C	A	0.983093	0.98879	24.1443	8.9E-07	-0.151805	0.0310669	23.877	1.0E-06	23.9227	1.0E-06
rs55719143	19	53282556	0.887296	C	T	0.983324	0.993347	23.547	1.2E-06	-0.15065	0.0311929	23.3252	1.4E-06	23.3654	1.3E-06
rs10417598	19	53282765	0.887335	G	C	0.983177	0.990556	24.0547	9.4E-07	-0.151682	0.0310863	23.8084	1.1E-06	23.8542	1.0E-06
rs13346848	19	53282823	0.887346	G	A	0.983122	0.990977	23.7096	1.1E-06	-0.150466	0.0310568	23.4726	1.3E-06	23.517	1.2E-06
rs13346826	19	53282871	0.887355	C	A	0.983173	0.990296	23.982	9.7E-07	-0.151454	0.0310853	23.7384	1.1E-06	23.7841	1.1E-06
rs10405622	19	53283932	0.887545	T	G	0.983374	0.985976	21.8109	3.0E-06	-0.145751	0.0313537	21.6096	3.3E-06	21.6422	3.3E-06
rs10403841	19	53283936	0.887546	A	G	0.983374	0.985908	21.8036	3.0E-06	-0.145732	0.0313545	21.6028	3.4E-06	21.6353	3.3E-06
rs62119561	19	53283978	0.887553	T	C	0.983583	0.98732	21.9889	2.7E-06	-0.14677	0.0314638	21.7598	3.1E-06	21.7888	3.0E-06
19:53283985_AAAAC_A	19	53283985	0.887555	AAAAC	A	0.982392	0.970067	22.2198	2.4E-06	-0.144533	0.0308195	21.9929	2.7E-06	22.0225	2.7E-06
rs10405113	19	53284265	0.887603	G	A	0.983296	0.984375	21.2466	4.0E-06	-0.143717	0.0313069	21.0736	4.4E-06	21.107	4.3E-06
rs10404745	19	53284328	0.887604	A	G	0.983296	0.983779	21.2526	4.0E-06	-0.14378	0.0313153	21.0806	4.4E-06	21.1139	4.3E-06
rs73936408	19	53284396	0.887606	T	C	0.9833	0.983899	21.2166	4.1E-06	-0.143686	0.0313207	21.0457	4.5E-06	21.0789	4.4E-06
rs62119564	19	53284605	0.887611	T	C	0.983356	0.982476	20.7244	5.3E-06	-0.142332	0.0313886	20.5617	5.8E-06	20.5943	5.7E-06
rs62119565	19	53284637	0.887611	T	C	0.983336	0.98144	20.7541	5.2E-06	-0.14247	0.0313916	20.5977	5.7E-06	20.6293	5.6E-06
19:53285015_TAA_T	19	53285015	0.88762	TAA	T	0.982269	0.939563	21.8979	2.9E-06	-0.145039	0.0311349	21.7006	3.2E-06	21.732	3.1E-06
rs77724982	19	53285170	0.887624	C	T	0.983148	0.976033	21.0687	4.4E-06	-0.143281	0.0313105	20.9411	4.7E-06	20.976	4.7E-06
rs75284221	19	53285246	0.887626	G	A	0.983122	0.974262	21.1195	4.3E-06	-0.143451	0.0313126	20.9878	4.6E-06	21.0226	4.5E-06
rs141073117	19	53285352	0.887628	G	A	0.983107	0.974973	21.1203	4.3E-06	-0.143303	0.0312954	20.9677	4.7E-06	21.0033	4.6E-06
rs144884917	19	53285362	0.887629	T	C	0.983099	0.975476	21.1855	4.2E-06	-0.143451	0.0312808	21.0307	4.5E-06	21.0663	4.4E-06
rs10413311	19	53285734	0.887638	C	A	0.991791	0.908553	20.8671	4.9E-06	-0.213253	0.0467202	20.8343	5.0E-06	20.8685	4.9E-06
rs10419659	19	53286186	0.887648	G	C	0.989801	0.806464	19.6635	9.2E-06	-0.199082	0.0451363	19.4542	1.0E-05	19.452	1.0E-05
rs6142046	20	32514061	0.536328	C	T	0.424257	0.989912	19.6371	9.4E-06	-0.0370012	0.00819348	20.3936	6.3E-06	20.3644	6.4E-06
rs8119076	20	32525715	0.536375	A	G	0.422195	0.99379	20.7718	5.2E-06	-0.0379044	0.00817234	21.5123	3.5E-06	21.4815	3.6E-06
rs4911136	20	32525872	0.536376	C	T	0.423309	0.994352	20.6329	5.6E-06	-0.0377859	0.00817314	21.3738	3.8E-06	21.341	3.8E-06
rs6142050	20	32527128	0.53638	G	A	0.423595	0.994708	20.5787	5.7E-06	-0.037753	0.00817217	21.3416	3.8E-06	21.3081	3.9E-06
rs6059577	20	32527686	0.536381	T	C	0.423345	0.994879	20.624	5.6E-06	-0.0377832	0.00817184	21.3776	3.8E-06	21.344	3.8E-06
rs6059580	20	32527873	0.536382	T	C	0.416498	0.993554	18.713	1.5E-05	-0.0361885	0.00817928	19.5754	9.7E-06	19.5361	9.9E-06
rs4911378	20	32531113	0.536405	T	G	0.470319	0.925132	19.9149	8.1E-06	-0.0382723	0.00838934	20.812	5.1E-06	20.7631	5.2E-06
rs6142051	20	32533018	0.536411	T	C	0.419873	1	19.0659	1.3E-05	-0.0362362	0.0081359	19.8369	8.4E-06	19.8027	8.6E-06
rs4911137	20	32535463	0.536428	C	T	0.421477	0.998353	19.1538	1.2E-05	-0.0364159	0.00816177	19.9073	8.1E-06	19.8709	8.3E-06
rs6141431	20	32540314	0.536446	G	A	0.421567	0.995324	19.1917	1.2E-05	-0.0365258	0.00817639	19.9562	7.9E-06	19.9183	8.1E-06
rs6059586	20	32540501	0.536447	G	A	0.356941	0.99555	19.8873	8.2E-06	-0.038019	0.00842373	20.37	6.4E-06	20.3816	6.3E-06
rs9753690	20	32540801	0.536449	C	G	0.420393	0.995086	20.73	5.3E-06	-0.0379621	0.00818551	21.5084	3.5E-06	21.4725	3.6E-06
rs9753679	20	32540860	0.536449	G	A	0.42105	0.99551	20.5789	5.7E-06	-0.0378136	0.00818247	21.3563	3.8E-06	21.321	3.9E-06
rs7263727	20	32540939	0.536449	T	C	0.42068	0.996022	21.0924	4.4E-06	-0.0382782	0.00818502	21.8707	2.9E-06	21.8338	3.0E-06
rs6142056	20	32541155	0.53645	T	C	0.420635	0.996027	21.0839	4.4E-06	-0.0382707	0.00818506	21.8619	2.9E-06	21.8251	3.0E-06
rs1319363	20	32541876	0.536451	T	A	0.352843	0.996747	20.4804	6.0E-06	-0.0387646	0.0084448	21.0713	4.4E-06	21.0753	4.4E-06
rs7264201	20	32541991	0.536452	A	G	0.420423	0.994493	21.0394	4.5E-06	-0.0382527	0.00818729	21.8295	3.0E-06	21.7871	3.0E-06
rs7264204	20	32542000	0.536452	A	G	0.420451	0.994519	21.0015	4.6E-06	-0.0382198	0.00818701	21.7934	3.0E-06	21.7509	3.1E-06
rs7270891	20	32542116	0.536452	G	A	0.4207	0.996043	21.135	4.3E-06	-0.0383102	0.00818523	21.9062	2.9E-06	21.8691	2.9E-06
rs6142058	20	32542801	0.536453	A	G	0.42071	0.996116	21.1417	4.3E-06	-0.0383132	0.00818522	21.9098	2.9E-06	21.8726	2.9E-06
rs6059587	20	32542926	0.536453	G	C	0.352515	0.997012	20.3349	6.5E-06	-0.03866	0.00844841	20.9399	4.7E-06	20.9418	4.7E-06
rs2050208	20	32543573	0.536453	A	G	0.420676	0.996074	21.0365	4.5E-06	-0.0382241	0.00818406	21.814	3.0E-06	21.7766	3.1E-06
rs6142060	20	32544846	0.536454	T	C	0.420745	0.995992	21.1318	4.3E-06	-0.0383083	0.00818593	21.9004	2.9E-06	21.8631	2.9E-06
rs113126879	20	32545795	0.536454	G	GGC	0.422421	0.991399	21.267	4.0E-06	-0.0384743	0.00819503	22.0414	2.7E-06	21.995	2.7E-06
rs58393429	20	32545802	0.536454	C	G	0.421824	0.991621	21.1906	4.2E-06	-0.0384208	0.00819808	21.9639	2.8E-06	21.9194	2.8E-06
rs6088355	20	32545887	0.536454	A	G	0.352777	0.997011	20.7462	5.2E-06	-0.0390248	0.00844674	21.3453	3.8E-06	21.3468	3.8E-06
rs4911380	20	32546224	0.536454	C	T	0.420894	0.996116	21.3982	3.7E-06	-0.0385241	0.00818138	22.1724	2.5E-06	22.1344	2.5E-06
rs767166262	20	32546357	0.536454	AAAAAAG	A	0.359825	0.983021	22.126	2.6E-06	-0.0404218	0.00846771	22.7877	1.8E-06	22.7869	1.8E-06
rs11699022	20	32547149	0.536454	G	A	0.421938	0.993852	21.131	4.3E-06	-0.0383011	0.00818892	21.8761	2.9E-06	21.8393	3.0E-06
rs11697074	20	32547152	0.536454	A	G	0.421858	0.993775	21.0329	4.5E-06	-0.0382157	0.00818697	21.7889	3.0E-06	21.7518	3.1E-06
rs2377956	20	32547380	0.536454	G	C	0.356496	0.99376	21.0143	4.6E-06	-0.0391525	0.00844149	21.512	3.5E-06	21.5236	3.5E-06
rs4911138	20	32547699	0.536454	G	T	0.420987	0.996053	21.3451	3.8E-06	-0.0384806	0.00818176	22.1203	2.6E-06	22.0825	2.6E-06
rs4243974	20	32547868	0.536454	T	C	0.420987	0.99605	21.3451	3.8E-06	-0.0384806	0.00818176	22.1203	2.6E-06	22.0825	2.6E-06
rs6142061	20	32548335	0.536454	A	G	0.420988	0.996008	21.3511	3.8E-06	-0.0384871	0.00818211	22.1259	2.6E-06	22.0882	2.6E-06
rs6142062	20	32548512	0.536454	C	G	0.420982	0.996041	21.3466	3.8E-06	-0.0384827	0.00818202	22.1212	2.6E-06	22.0835	2.6E-06
rs6141432	20	32548597	0.536454	A	G	0.420965	0.995888	21.3792	3.8E-06	-0.0385127	0.00818253	22.153	2.5E-06	22.1155	2.6E-06
rs6141433	20	32548862	0.536454	T	C	0.420984	0.996035	21.3509	3.8E-06	-0.0384864	0.00818205	22.1254	2.6E-06	22.0877	2.6E-06
20:32549105_AAAT_A	20	32549105	0.536454	AAAT	A	0.375692	0.965424	22.7149	1.9E-06	-0.0405077	0.00844138	23.0276	1.6E-06	23.0196	1.6E-06
rs6142063	20	32549278	0.536454	A	G	0.35209	0.995656	20.1313	7.2E-06	-0.0385592	0.00846129	20.7675	5.2E-06	20.7681	5.2E-06
rs6142064	20	32549845	0.536454	C	T	0.420565	0.995956	21.5968	3.4E-06	-0.0387237	0.0081857	22.379	2.2E-06	22.343	2.3E-06
rs6057957	20	32549858	0.536454	T	G	0.352224	0.996782	20.8049	5.1E-06	-0.0391361	0.00845251	21.4379	3.7E-06	21.4438	3.6E-06
rs4911381	20	32550345	0.536454	G	C	0.420716	0.996052	21.7328	3.1E-06	-0.0388396	0.00818403	22.5225	2.1E-06	22.4855	2.1E-06
rs6141434	20	32551247	0.536454	T	G	0.420716	0.996051	21.738	3.1E-06	-0.0388443	0.00818406	22.5277	2.1E-06	22.4907	2.1E-06
rs6141435	20	32551279	0.536454	G	A	0.420716	0.996049	21.7367	3.1E-06	-0.0388432	0.00818407	22.5264	2.1E-06	22.4894	2.1E-06
rs4911139	20	32551535	0.536454	G	A	0.420589	0.996061	21.7829	3.1E-06	-0.038854	0.00818295	22.545	2.1E-06	22.5088	2.1E-06
rs1883707	20	32552587	0.536455	C	T	0.420835	0.99515	21.6642	3.2E-06	-0.0387938	0.00818703	22.4528	2.2E-06	22.4159	2.2E-06
rs1883706	20	32552877	0.536455	G	A	0.417825	0.987302	21.4461	3.6E-06	-0.0387712	0.00822338	22.2289	2.4E-06	22.1883	2.5E-06
rs1883705	20	32552878	0.536455	C	T	0.418736	0.988041	21.2707	4.0E-06	-0.0386104	0.00822114	22.0569	2.6E-06	22.0168	2.7E-06
rs4012234	20	32553047	0.536455	T	G	0.418478	0.99601	22.9986	1.6E-06	-0.0399113	0.00818549	23.774	1.1E-06	23.7369	1.1E-06
rs4911382	20	32553095	0.536455	C	T	0.418467	0.996055	23.0121	1.6E-06	-0.039922	0.00818536	23.7875	1.1E-06	23.7504	1.1E-06
rs2377957	20	32554473	0.536455	A	G	0.352636	0.995573	22.9066	1.7E-06	-0.0408911	0.0084422	23.4611	1.3E-06	23.4751	1.3E-06
rs6141436	20	32554571	0.536455	T	A	0.417078	0.996146	23.1578	1.5E-06	-0.0400596	0.00819038	23.9224	1.0E-06	23.8835	1.0E-06
rs4911383	20	32555779	0.536456	A	G	0.348501	0.997044	22.2023	2.5E-06	-0.0404287	0.00846641	22.8024	1.8E-06	22.8083	1.8E-06
rs4911384	20	32555807	0.536456	C	T	0.417149	0.996113	23.2685	1.4E-06	-0.040156	0.00819111	24.0334	9.5E-07	23.9945	9.7E-07
rs111802259	20	32556127	0.536458	A	AT	0.412381	0.99305	20.8903	4.9E-06	-0.0382165	0.00819374	21.7539	3.1E-06	21.7011	3.2E-06
rs6120463	20	32556389	0.536459	G	C	0.348459	0.997029	22.4755	2.1E-06	-0.0406795	0.00846941	23.0698	1.6E-06	23.0768	1.6E-06
rs6142067	20	32556572	0.53646	C	T	0.412665	0.995335	21.6122	3.3E-06	-0.0387714	0.00818308	22.4486	2.2E-06	22.4016	2.2E-06
rs6059596	20	32557119	0.536464	C	T	0.348356	0.997354	22.2225	2.4E-06	-0.0404527	0.00846991	22.8106	1.8E-06	22.8184	1.8E-06
rs6142068	20	32557172	0.536464	T	C	0.410052	0.994431	21.4933	3.6E-06	-0.0387816	0.00820266	22.3534	2.3E-06	22.312	2.3E-06
rs6088360	20	32557189	0.536464	A	G	0.34843	0.997407	22.2692	2.4E-06	-0.0404818	0.00846667	22.861	1.7E-06	22.8677	1.7E-06
rs6088361	20	32557326	0.536465	G	A	0.352867	0.99631	22.5748	2.0E-06	-0.0406088	0.00844029	23.1487	1.5E-06	23.1509	1.5E-06
rs10485503	20	32557842	0.536467	A	G	0.412917	0.998328	22.219	2.4E-06	-0.0393643	0.0082064	23.0091	1.6E-06	22.9737	1.6E-06
rs4911385	20	32558593	0.536467	C	A	0.348544	0.998523	22.7558	1.8E-06	-0.0408897	0.00846271	23.3458	1.4E-06	23.3524	1.3E-06
rs6141437	20	32558855	0.536467	C	T	0.41263	0.998422	22.191	2.5E-06	-0.0393002	0.00820295	22.9536	1.7E-06	22.9182	1.7E-06
rs6142069	20	32560542	0.536467	G	A	0.41272	0.998459	22.1705	2.5E-06	-0.0393077	0.00820334	22.9601	1.7E-06	22.9239	1.7E-06
rs6141439	20	32562080	0.536467	T	C	0.427937	0.952684	23.3942	1.3E-06	-0.0410581	0.00834583	24.2024	8.7E-07	24.1604	8.9E-07
20:32563820_GTATATA_G	20	32563820	0.536468	GTATATA	G	0.399736	0.994466	21.0978	4.4E-06	-0.0386591	0.0082617	21.8959	2.9E-06	21.877	2.9E-06
rs4911389	20	32565041	0.536468	A	G	0.348466	0.99837	22.8948	1.7E-06	-0.0410222	0.00846437	23.4881	1.3E-06	23.4947	1.3E-06
rs4911390	20	32565207	0.536468	T	C	0.348289	0.998417	22.775	1.8E-06	-0.0409293	0.00846752	23.3646	1.3E-06	23.373	1.3E-06
rs761233	20	32568886	0.53647	A	G	0.413271	0.997625	22.3574	2.3E-06	-0.0394779	0.00820823	23.1318	1.5E-06	23.096	1.5E-06
rs4911392	20	32570518	0.536471	G	C	0.353091	0.999042	23.8588	1.0E-06	-0.0416782	0.00843892	24.3918	7.9E-07	24.4063	7.8E-07
rs138968816	20	32570787	0.536471	A	AG	0.360758	0.977963	22.2332	2.4E-06	-0.0404696	0.00848853	22.7297	1.9E-06	22.7314	1.9E-06
rs4911393	20	32570926	0.536471	A	G	0.353091	0.999042	23.8588	1.0E-06	-0.0416782	0.00843892	24.3918	7.9E-07	24.4063	7.8E-07
rs11167221	20	32572046	0.536471	C	CA	0.348295	0.998523	21.5622	3.4E-06	-0.0398618	0.00846747	22.1619	2.5E-06	22.1608	2.5E-06
rs6057961	20	32573811	0.536471	A	G	0.348663	0.999353	23.0277	1.6E-06	-0.0411128	0.00846089	23.6114	1.2E-06	23.617	1.2E-06
rs4911394	20	32577327	0.536471	C	T	0.348584	0.999429	22.8809	1.7E-06	-0.0409899	0.00846133	23.4681	1.3E-06	23.4729	1.3E-06
rs4911395	20	32579901	0.536472	T	G	0.412806	0.999326	22.0252	2.7E-06	-0.0391665	0.00820178	22.8041	1.8E-06	22.7664	1.8E-06
rs4911396	20	32579945	0.536472	C	G	0.412774	0.999328	22.177	2.5E-06	-0.0393028	0.00820237	22.9598	1.7E-06	22.9218	1.7E-06
rs1007090	20	32582871	0.536472	T	C	0.347428	0.999621	21.4291	3.7E-06	-0.0397245	0.00846589	22.0177	2.7E-06	22.0186	2.7E-06
rs2284377	20	32586682	0.536472	T	C	0.347575	0.999964	21.3015	3.9E-06	-0.0395925	0.00846379	21.8824	2.9E-06	21.8825	2.9E-06
rs2284378	20	32588095	0.536472	T	C	0.347533	1	21.366	3.8E-06	-0.0396631	0.00846442	21.9572	2.8E-06	21.958	2.8E-06
rs2300204	20	32588773	0.536472	G	A	0.352005	0.999696	22.0796	2.6E-06	-0.0401418	0.00844162	22.6122	2.0E-06	22.6207	2.0E-06
rs2300205	20	32589780	0.536472	C	T	0.352042	0.999619	22.0472	2.7E-06	-0.0401174	0.00844168	22.5843	2.0E-06	22.5926	2.0E-06
rs2300206	20	32589808	0.536472	G	C	0.347628	0.999959	21.0994	4.4E-06	-0.0394171	0.00846353	21.6904	3.2E-06	21.6891	3.2E-06
rs2284379	20	32594642	0.536472	T	C	0.34764	0.999907	21.096	4.4E-06	-0.0394158	0.00846335	21.6898	3.2E-06	21.6883	3.2E-06
rs2268079	20	32596750	0.536472	A	G	0.411741	0.999713	20.3854	6.3E-06	-0.0377134	0.0082007	21.149	4.2E-06	21.1095	4.3E-06
rs2268080	20	32597716	0.536472	G	A	0.347671	0.999804	21.0627	4.4E-06	-0.039386	0.00846336	21.657	3.3E-06	21.6555	3.3E-06
rs111363781	20	32600248	0.536473	C	CCTCTTCTCTTT	0.419125	0.980756	20.9202	4.8E-06	-0.0384436	0.00826316	21.6449	3.3E-06	21.6076	3.3E-06
rs11466903	20	32604887	0.536473	G	GTTAACTTGTATCCCTATTTGATGTGTTTTCC	0.347732	0.999946	20.9079	4.8E-06	-0.0392505	0.00846254	21.5124	3.5E-06	21.51	3.5E-06
rs1054534	20	32605327	0.536473	G	C	0.411055	0.999877	20.5211	5.9E-06	-0.0378427	0.00819919	21.302	3.9E-06	21.2627	4.0E-06
rs6141444	20	32607610	0.536473	G	A	0.411084	0.999836	20.5479	5.8E-06	-0.0378664	0.0081995	21.3272	3.9E-06	21.2877	4.0E-06
rs4911397	20	32607846	0.536473	A	G	0.347687	0.99987	21.0694	4.4E-06	-0.0393906	0.00846298	21.664	3.2E-06	21.6618	3.3E-06
rs4911143	20	32607854	0.536473	A	G	0.3477	0.999954	21.0902	4.4E-06	-0.0394086	0.00846272	21.6851	3.2E-06	21.6829	3.2E-06
rs7271084	20	32609732	0.536473	T	A	0.413525	0.987655	21.8508	2.9E-06	-0.0391424	0.00821111	22.7243	1.9E-06	22.683	1.9E-06
rs1555075	20	32610401	0.536473	T	C	0.347465	0.999863	21.2499	4.0E-06	-0.0395605	0.00846693	21.831	3.0E-06	21.831	3.0E-06
rs769925299	20	32613114	0.536473	TC	T	0.357176	0.971553	22.6383	2.0E-06	-0.0412573	0.00854505	23.3116	1.4E-06	23.3082	1.4E-06
rs6059635	20	32613493	0.536473	A	T	0.354903	0.988929	22.2901	2.3E-06	-0.0404128	0.0084716	22.7566	1.8E-06	22.7625	1.8E-06
rs11697947	20	32613494	0.536473	A	T	0.361173	0.98284	19.7444	8.9E-06	-0.0380231	0.00846212	20.19	7.0E-06	20.1986	7.0E-06
rs1055857	20	32613873	0.536473	A	G	0.352089	0.999712	22.0765	2.6E-06	-0.0401374	0.00844057	22.6128	2.0E-06	22.6204	2.0E-06
rs4911144	20	32614371	0.536473	A	G	0.347714	0.999844	21.1278	4.3E-06	-0.0394416	0.00846279	21.7211	3.2E-06	21.719	3.2E-06
20:32614376_AT_A	20	32614376	0.536473	AT	A	0.352465	0.993024	21.2648	4.0E-06	-0.0394844	0.00846562	21.7537	3.1E-06	21.765	3.1E-06
rs4911145	20	32615223	0.536473	A	G	0.411119	0.999648	20.5407	5.8E-06	-0.0378609	0.00819996	21.3186	3.9E-06	21.2794	4.0E-06
rs6059639	20	32619136	0.536473	A	G	0.347855	0.999516	21.0925	4.4E-06	-0.0394229	0.00846389	21.6948	3.2E-06	21.6926	3.2E-06
20:32620314_GT_G	20	32620314	0.536474	GT	G	0.347421	0.998283	21.1908	4.2E-06	-0.0395533	0.0084705	21.8046	3.0E-06	21.8029	3.0E-06
rs6120487	20	32622608	0.536474	A	G	0.352301	0.999855	22.332	2.3E-06	-0.0403678	0.00843951	22.8789	1.7E-06	22.8869	1.7E-06
rs4911399	20	32623418	0.536474	C	A	0.411033	0.999839	20.6693	5.5E-06	-0.037972	0.00819957	21.4459	3.6E-06	21.4074	3.7E-06
rs2056990	20	32623464	0.536474	C	T	0.347701	0.999684	21.0951	4.4E-06	-0.0394135	0.00846287	21.6898	3.2E-06	21.6876	3.2E-06
rs1883524	20	32626107	0.536474	G	A	0.352187	0.999751	22.2927	2.3E-06	-0.0403159	0.00843993	22.8178	1.8E-06	22.8265	1.8E-06
rs2284384	20	32636478	0.536475	C	T	0.351501	0.999338	21.215	4.1E-06	-0.0393701	0.00844457	21.7359	3.1E-06	21.7445	3.1E-06
rs4911146	20	32640047	0.536479	C	G	0.34714	0.999697	19.9752	7.8E-06	-0.0384069	0.00846676	20.5771	5.7E-06	20.5743	5.7E-06
rs3787230	20	32640272	0.536479	A	G	0.351639	0.999489	21.2227	4.1E-06	-0.0394	0.00844559	21.7637	3.1E-06	21.7711	3.1E-06
rs2300209	20	32643100	0.536479	T	C	0.411114	0.999786	19.3445	1.1E-05	-0.0367727	0.00820359	20.0929	7.4E-06	20.0539	7.5E-06
rs6059649	20	32643877	0.53648	C	T	0.34702	0.999783	20.1514	7.2E-06	-0.0385665	0.00846747	20.7451	5.2E-06	20.7426	5.3E-06
rs2284386	20	32644396	0.53648	G	A	0.351426	1	20.8623	4.9E-06	-0.0390258	0.00844275	21.3666	3.8E-06	21.3757	3.8E-06
rs2284387	20	32644588	0.53648	G	A	0.347108	0.999866	19.9865	7.8E-06	-0.0384103	0.00846762	20.5765	5.7E-06	20.5747	5.7E-06
rs6059651	20	32645052	0.53648	T	C	0.347103	0.999833	19.9758	7.8E-06	-0.0383998	0.00846767	20.565	5.8E-06	20.5631	5.8E-06
rs8119937	20	32645551	0.53648	C	T	0.351455	0.999805	21.0555	4.5E-06	-0.0392428	0.00844471	21.5949	3.4E-06	21.6024	3.4E-06
rs909884	20	32646063	0.53648	G	T	0.347042	0.999796	20.094	7.4E-06	-0.0385131	0.00846751	20.6874	5.4E-06	20.6854	5.4E-06
rs112591979	20	32646307	0.53648	A	ATACT	0.346149	0.995569	20.6496	5.5E-06	-0.0391411	0.00848681	21.2704	4.0E-06	21.2655	4.0E-06
rs2268086	20	32648738	0.53648	A	G	0.410396	0.999708	19.416	1.1E-05	-0.0368414	0.0082024	20.174	7.1E-06	20.1359	7.2E-06
rs2268088	20	32649064	0.53648	G	T	0.346993	0.999641	20.0645	7.5E-06	-0.0384811	0.00846764	20.6524	5.5E-06	20.6499	5.5E-06
rs11167226	20	32654502	0.53648	C	CT	0.358726	0.969096	20.5306	5.9E-06	-0.0392816	0.00853419	21.1862	4.2E-06	21.1846	4.2E-06
rs4911401	20	32654562	0.53648	C	A	0.347595	0.999675	20.9644	4.7E-06	-0.0392816	0.00846302	21.544	3.5E-06	21.5411	3.5E-06
rs2284388	20	32655741	0.53648	A	G	0.347495	0.999692	20.9969	4.6E-06	-0.039303	0.00846237	21.5708	3.4E-06	21.5669	3.4E-06
rs2284389	20	32656841	0.53648	C	G	0.351939	0.999692	21.8961	2.9E-06	-0.0399481	0.00843864	22.4103	2.2E-06	22.4159	2.2E-06
rs932388	20	32657378	0.53648	C	T	0.409235	1	20.1633	7.1E-06	-0.0375145	0.0082015	20.9224	4.8E-06	20.8833	4.9E-06
rs2235597	20	32665614	0.536493	G	T	0.347636	0.999098	21.2944	3.9E-06	-0.0395578	0.00846091	21.859	2.9E-06	21.8549	2.9E-06
rs2268089	20	32667298	0.536494	T	C	0.351955	0.99921	21.945	2.8E-06	-0.039979	0.00843907	22.4426	2.2E-06	22.4484	2.2E-06
rs4911147	20	32667607	0.536494	C	A	0.347549	0.999307	21.0738	4.4E-06	-0.0393609	0.008462	21.6363	3.3E-06	21.6327	3.3E-06
rs4911402	20	32667645	0.536494	A	G	0.410903	0.999565	20.5479	5.8E-06	-0.0378104	0.00819559	21.2844	4.0E-06	21.2443	4.0E-06
rs4911148	20	32668244	0.536494	A	G	0.411945	0.998397	20.1477	7.2E-06	-0.0374334	0.00819261	20.8773	4.9E-06	20.8368	5.0E-06
rs6119447	20	32668576	0.536494	A	G	0.351607	0.999167	22.2121	2.4E-06	-0.0401913	0.00844111	22.6707	1.9E-06	22.6789	1.9E-06
rs8123521	20	32668885	0.536495	A	C	0.347536	0.99948	21.0649	4.4E-06	-0.0393514	0.00846182	21.6269	3.3E-06	21.6232	3.3E-06
rs4911404	20	32673037	0.536497	G	A	0.411349	0.998921	20.6476	5.5E-06	-0.0379032	0.00819741	21.3795	3.8E-06	21.3409	3.8E-06
rs4911405	20	32674967	0.536499	C	T	0.345405	0.995709	21.4281	3.7E-06	-0.0397572	0.00848966	21.9306	2.8E-06	21.9302	2.8E-06
20:32675517_AT_A	20	32675517	0.536499	AT	A	0.365317	0.97043	27.2395	1.8E-07	-0.0442756	0.00843511	27.5517	1.5E-07	27.5369	1.5E-07
rs6059662	20	32675727	0.5365	A	G	0.341323	0.987705	22.4235	2.2E-06	-0.0409465	0.00855727	22.8962	1.7E-06	22.8984	1.7E-06
rs763617369	20	32677027	0.5365	TCAAGGTCCCACCACACTCGCGTGGGA	T	0.415508	0.991433	19.3684	1.1E-05	-0.0368318	0.00822495	20.053	7.5E-06	20.0087	7.7E-06
rs571002445	20	32679524	0.536501	CA	C	0.31847	0.921936	19.9528	7.9E-06	-0.0407445	0.00901123	20.4442	6.1E-06	20.4456	6.1E-06
rs370844658	20	32679575	0.536501	A	ATT	0.402172	0.984758	22.3527	2.3E-06	-0.0396552	0.00826141	23.0405	1.6E-06	23.0264	1.6E-06
rs573029381	20	32682513	0.536502	CA	C	0.339453	0.962897	19.4651	1.0E-05	-0.0387771	0.00865762	20.0611	7.5E-06	20.0563	7.5E-06
20:32683116_CTT_C	20	32683116	0.536502	CTT	C	0.341123	0.989967	21.1245	4.3E-06	-0.0398346	0.00853673	21.774	3.1E-06	21.7711	3.1E-06
rs4911407	20	32683565	0.536502	C	A	0.347904	0.9995	21.0461	4.5E-06	-0.0393384	0.00846164	21.6134	3.3E-06	21.6118	3.3E-06
rs2235596	20	32684309	0.536502	G	A	0.352258	0.99916	22.1479	2.5E-06	-0.0401503	0.0084394	22.6336	2.0E-06	22.6428	2.0E-06
rs11696338	20	32687611	0.536503	T	C	0.411634	1	21.0546	4.5E-06	-0.0382705	0.00819356	21.8164	3.0E-06	21.7748	3.1E-06
rs6142097	20	32687882	0.536503	A	G	0.347815	0.999648	21.1897	4.2E-06	-0.0394595	0.00846153	21.7473	3.1E-06	21.7465	3.1E-06
rs6120519	20	32688113	0.536503	A	G	0.351958	0.999343	22.5846	2.0E-06	-0.040523	0.00844101	23.047	1.6E-06	23.0588	1.6E-06
rs6142098	20	32688294	0.536503	A	C	0.352325	0.99932	22.0678	2.6E-06	-0.0400995	0.00843818	22.5829	2.0E-06	22.591	2.0E-06
rs143184803	20	32694233	0.536504	CTT	C	0.29636	0.870225	19.8554	8.4E-06	-0.0427801	0.00944268	20.5255	5.9E-06	20.4804	6.0E-06
rs6142101	20	32697845	0.536504	G	A	0.411565	0.999534	21.0198	4.5E-06	-0.0382497	0.00819651	21.777	3.1E-06	21.7385	3.1E-06
rs6087557	20	32698275	0.536504	T	C	0.352265	0.998744	22.1494	2.5E-06	-0.0401865	0.00844124	22.6646	1.9E-06	22.6725	1.9E-06
rs4911408	20	32700566	0.53651	G	A	0.34763	0.99832	21.6105	3.3E-06	-0.0398732	0.00847217	22.1499	2.5E-06	22.1521	2.5E-06
rs6142102	20	32704627	0.536511	C	G	0.368938	0.99725	19.5683	9.7E-06	-0.0373417	0.00836899	19.9087	8.1E-06	19.9161	8.1E-06
rs6057985	20	32705564	0.536514	C	G	0.363494	0.995621	19.1411	1.2E-05	-0.0371488	0.00840602	19.5303	9.9E-06	19.5331	9.9E-06
rs543069395	20	32709089	0.536524	G	A	0.364475	0.994397	19.0888	1.2E-05	-0.0371035	0.00840937	19.4671	1.0E-05	19.4656	1.0E-05
rs2223553	20	32709444	0.536525	G	A	0.428212	0.998173	18.9388	1.3E-05	-0.0360652	0.00816228	19.5233	9.9E-06	19.4876	1.0E-05
rs2206448	20	32709525	0.536525	G	A	0.368686	0.998169	20.4322	6.2E-06	-0.0380829	0.00836781	20.7126	5.3E-06	20.724	5.3E-06
20:32710261_CA_C	20	32710261	0.536526	CA	C	0.365954	0.994715	19.9294	8.0E-06	-0.0378712	0.00840155	20.3189	6.6E-06	20.3213	6.5E-06
rs4911409	20	32710710	0.536526	G	A	0.368896	0.997982	19.9658	7.9E-06	-0.0377148	0.00837017	20.3028	6.6E-06	20.3122	6.6E-06
rs4911410	20	32710974	0.536526	G	A	0.369263	0.998035	19.7243	8.9E-06	-0.0375196	0.00836908	20.0984	7.4E-06	20.1056	7.3E-06
rs543681820	20	32713578	0.536526	TAATAAATA	T	0.428372	0.997573	19.0847	1.3E-05	-0.0362279	0.00817034	19.6611	9.2E-06	19.6249	9.4E-06
rs6087558	20	32714985	0.536526	G	A	0.369321	0.998333	19.9288	8.0E-06	-0.037697	0.00836834	20.2925	6.6E-06	20.3007	6.6E-06
rs4911411	20	32715842	0.536526	C	T	0.368999	0.997957	20.0989	7.4E-06	-0.0378274	0.00837015	20.4242	6.2E-06	20.4341	6.2E-06
rs777358055	20	32721344	0.536528	G	GCCGCAGGGT	0.370238	0.988019	20.0754	7.4E-06	-0.0379137	0.00840206	20.362	6.4E-06	20.3662	6.4E-06
rs570688734	20	32721347	0.536528	G	GCAGGGTCCT	0.364737	0.998138	19.0667	1.3E-05	-0.0370211	0.00839081	19.4666	1.0E-05	19.4646	1.0E-05
rs4911413	20	32721775	0.536529	T	A	0.369238	0.998292	19.7683	8.7E-06	-0.0375651	0.00836876	20.1487	7.2E-06	20.155	7.1E-06
rs2143230	20	32724345	0.53653	C	T	0.369136	0.998366	19.5723	9.7E-06	-0.0373663	0.0083679	19.9401	8.0E-06	19.9459	8.0E-06
rs12480839	20	32727430	0.536531	A	G	0.369094	0.998353	19.5945	9.6E-06	-0.0373902	0.00836819	19.9642	7.9E-06	19.9698	7.9E-06
rs139170224	20	32728540	0.536535	CTTTT	C	0.362502	0.996436	19.6376	9.4E-06	-0.0376299	0.00841935	19.976	7.8E-06	19.9753	7.8E-06
rs11167248	20	33538721	0.537399	G	T	0.810141	0.995908	20.2551	6.8E-06	-0.0465745	0.0102123	20.7993	5.1E-06	20.8333	5.0E-06
rs2025096	20	33540000	0.537401	G	A	0.81014	0.996067	20.2525	6.8E-06	-0.0465689	0.0102118	20.7964	5.1E-06	20.8305	5.0E-06
rs6119548	20	33552612	0.53742	A	G	0.811053	0.998072	19.0753	1.3E-05	-0.0451725	0.0102228	19.526	9.9E-06	19.5658	9.7E-06
rs7261969	20	33563611	0.537428	C	T	0.818899	0.999356	19.6964	9.1E-06	-0.0467247	0.0103902	20.223	6.9E-06	20.254	6.8E-06
rs747275302	20	33564852	0.537429	CT	C	0.819016	0.999818	20.2088	6.9E-06	-0.0472829	0.0103908	20.7068	5.4E-06	20.7404	5.3E-06
rs6088667	20	33566722	0.537429	T	G	0.819001	0.999599	19.9231	8.1E-06	-0.0469854	0.010395	20.4306	6.2E-06	20.4639	6.1E-06
rs3746448	20	33572979	0.537431	C	T	0.836213	0.997878	22.933	1.7E-06	-0.0522662	0.0107936	23.4481	1.3E-06	23.4962	1.3E-06
rs3746446	20	33574765	0.537431	T	C	0.819283	0.999002	19.6772	9.2E-06	-0.0467713	0.0104067	20.1992	7.0E-06	20.233	6.9E-06
rs3746444	20	33578251	0.537432	A	G	0.819054	0.999171	19.8275	8.5E-06	-0.0468919	0.0103935	20.3551	6.4E-06	20.391	6.3E-06
rs7268266	20	33581889	0.537433	T	C	0.819246	0.998823	19.5912	9.6E-06	-0.0466832	0.0104064	20.1244	7.3E-06	20.1569	7.1E-06
rs6120788	20	33583716	0.537445	C	T	0.819784	0.998896	19.1088	1.2E-05	-0.0462319	0.0104251	19.6662	9.2E-06	19.6986	9.1E-06
rs3746436	20	33586193	0.537451	C	T	0.819919	1	19.4795	1.0E-05	-0.0466937	0.0104326	20.0325	7.6E-06	20.0697	7.5E-06
rs3746435	20	33587198	0.537452	G	C	0.819783	1	18.9499	1.3E-05	-0.0460477	0.0104217	19.5227	9.9E-06	19.5592	9.8E-06
rs757092836	20	33588698	0.537452	TGAGGCTGGGCAAGGGCTGTGGG	T	0.822442	0.984995	19.4963	1.0E-05	-0.0471923	0.0105455	20.0268	7.6E-06	20.0585	7.5E-06
rs36003887	20	33589107	0.537452	G	A	0.819363	0.999457	19.6568	9.3E-06	-0.0467544	0.0104065	20.1851	7.0E-06	20.2236	6.9E-06
rs8501	20	33590584	0.537453	T	C	0.819278	0.999363	20.2699	6.7E-06	-0.0474439	0.0104061	20.7868	5.1E-06	20.828	5.0E-06
rs752075	20	33591591	0.537453	C	A	0.820258	0.997795	19.4917	1.0E-05	-0.0466936	0.0104372	20.0146	7.7E-06	20.0517	7.5E-06
rs752448	20	33592248	0.537453	C	T	0.81968	0.999206	19.7574	8.8E-06	-0.0469047	0.0104137	20.2873	6.7E-06	20.3256	6.5E-06
rs3818253	20	33596876	0.53746	G	A	0.819339	0.999513	20.0153	7.7E-06	-0.0471346	0.0104025	20.5307	5.9E-06	20.5678	5.8E-06
rs6120790	20	33599090	0.53746	A	T	0.819283	0.999794	19.9655	7.9E-06	-0.0470728	0.0104015	20.4809	6.0E-06	20.5191	5.9E-06
rs1885116	20	33600560	0.53746	A	G	0.819368	0.999761	20.1889	7.0E-06	-0.0473454	0.0104053	20.7034	5.4E-06	20.7456	5.2E-06
rs1885117	20	33600740	0.53746	C	T	0.81937	0.999776	20.1929	7.0E-06	-0.0473495	0.0104053	20.7071	5.4E-06	20.7492	5.2E-06
rs2013125	20	33601154	0.53746	G	A	0.819599	0.99984	19.8999	8.2E-06	-0.0470445	0.0104075	20.4326	6.2E-06	20.4703	6.1E-06
20:33602948_GC_G	20	33602948	0.53746	GC	G	0.819422	0.999778	19.5304	9.9E-06	-0.046605	0.010405	20.0624	7.5E-06	20.1003	7.3E-06
rs6120793	20	33604407	0.53746	T	C	0.819374	0.999818	20.1996	7.0E-06	-0.0473572	0.0104053	20.7139	5.3E-06	20.756	5.2E-06
rs6120797	20	33606002	0.53747	G	A	0.819598	0.999883	19.9937	7.8E-06	-0.0471519	0.0104068	20.5289	5.9E-06	20.5665	5.8E-06
rs6087659	20	33606383	0.53747	C	A	0.818749	0.995182	20.2714	6.7E-06	-0.0475037	0.0104158	20.8002	5.1E-06	20.8405	5.0E-06
rs6119560	20	33606977	0.53747	G	C	0.819328	0.999737	20.4657	6.1E-06	-0.04766	0.0104037	20.9863	4.6E-06	21.0275	4.5E-06
rs6088678	20	33607551	0.53747	C	T	0.819529	0.999748	19.8193	8.5E-06	-0.0469433	0.0104067	20.3478	6.5E-06	20.3863	6.3E-06
rs6120798	20	33610822	0.53747	T	G	0.819282	0.998422	19.7403	8.9E-06	-0.046876	0.0104085	20.2827	6.7E-06	20.3194	6.6E-06
rs7362224	20	33612655	0.53747	A	C	0.859613	0.887238	19.0428	1.3E-05	-0.0540686	0.0122214	19.5725	9.7E-06	19.5792	9.7E-06
rs11167253	20	33614449	0.53747	T	C	0.819561	0.999658	20.0497	7.5E-06	-0.047222	0.0104075	20.587	5.7E-06	20.6247	5.6E-06
rs6120799	20	33614955	0.53747	T	C	0.819439	0.999456	19.9255	8.1E-06	-0.0470682	0.0104064	20.4575	6.1E-06	20.4952	6.0E-06
rs6088682	20	33615702	0.53747	A	C	0.819283	0.999431	20.4176	6.2E-06	-0.0476097	0.0104042	20.9397	4.7E-06	20.9803	4.6E-06
rs13433216	20	33616301	0.53747	T	C	0.819223	0.999334	20.5093	5.9E-06	-0.0477153	0.0104051	21.0293	4.5E-06	21.0722	4.4E-06
rs28820635	20	33617581	0.53747	G	A	0.819738	0.997826	20.18	7.0E-06	-0.0474119	0.0104222	20.6945	5.4E-06	20.7363	5.3E-06
rs6120803	20	33620086	0.53747	C	A	0.819408	0.9996	19.5599	9.7E-06	-0.0466355	0.0104047	20.0895	7.4E-06	20.1269	7.2E-06
rs6088685	20	33620306	0.53747	G	A	0.819562	0.998798	19.9955	7.8E-06	-0.0471624	0.0104102	20.5245	5.9E-06	20.5628	5.8E-06
rs6088686	20	33623437	0.53747	C	T	0.819469	0.999519	19.7171	9.0E-06	-0.0468292	0.0104057	20.253	6.8E-06	20.2891	6.7E-06
rs6120804	20	33623701	0.53747	C	A	0.818442	0.994355	19.6008	9.5E-06	-0.0467326	0.0104102	20.1522	7.2E-06	20.1892	7.0E-06
rs6087662	20	33625075	0.53747	A	G	0.819399	0.999483	20.3257	6.5E-06	-0.0475109	0.0104075	20.8398	5.0E-06	20.8824	4.9E-06
rs6088688	20	33625082	0.53747	A	G	0.819371	0.999193	20.3134	6.6E-06	-0.0474969	0.0104077	20.8269	5.0E-06	20.8693	4.9E-06
rs6120812	20	33629427	0.53747	T	C	0.819231	0.999459	20.0766	7.4E-06	-0.0472114	0.0104025	20.5977	5.7E-06	20.6376	5.5E-06
rs6088690	20	33633326	0.53747	A	G	0.819359	0.999442	19.7454	8.8E-06	-0.0468511	0.0104039	20.2789	6.7E-06	20.3154	6.6E-06
rs6088691	20	33633758	0.53747	C	T	0.819477	0.99956	19.7153	9.0E-06	-0.0468264	0.0104055	20.2514	6.8E-06	20.2875	6.7E-06
rs11696652	20	33637060	0.53747	T	G	0.823197	0.982486	19.388	1.1E-05	-0.0472616	0.0105845	19.938	8.0E-06	19.9762	7.8E-06
rs6087666	20	33640242	0.53747	G	A	0.819647	1	19.7951	8.6E-06	-0.0469246	0.0104103	20.3177	6.6E-06	20.3556	6.4E-06
rs6120813	20	33642112	0.53747	T	C	0.819346	0.999563	20.598	5.7E-06	-0.0478178	0.0104044	21.1227	4.3E-06	21.1625	4.2E-06
rs17319032	20	33643296	0.53747	T	C	0.819551	0.999698	20.1814	7.0E-06	-0.0473679	0.0104061	20.7202	5.3E-06	20.7571	5.2E-06
rs533166755	20	33647587	0.537473	TGAA	T	0.818882	0.99608	20.0349	7.6E-06	-0.0472109	0.0104115	20.5615	5.8E-06	20.6049	5.6E-06
rs12480442	20	33648388	0.537474	C	G	0.819332	0.997654	20.2494	6.8E-06	-0.0474616	0.0104173	20.7576	5.2E-06	20.8001	5.1E-06
rs6087667	20	33651887	0.537485	A	G	0.819395	0.998689	20.6842	5.4E-06	-0.0479331	0.0104086	21.2075	4.1E-06	21.2479	4.0E-06
rs6088694	20	33652371	0.537487	G	A	0.819348	0.998504	20.7012	5.4E-06	-0.047959	0.0104097	21.2257	4.1E-06	21.2659	4.0E-06
rs6120819	20	33653038	0.537488	T	C	0.818871	0.997708	20.8878	4.9E-06	-0.0481718	0.0104039	21.4383	3.7E-06	21.4791	3.6E-06
20:33659697_CCCA_C	20	33659697	0.537488	CCCA	C	0.82569	0.976433	19.8042	8.6E-06	-0.0481551	0.0106739	20.3533	6.4E-06	20.3916	6.3E-06
20:33659701_CCAA_C	20	33659701	0.537488	CCAA	C	0.826918	0.970737	19.6857	9.1E-06	-0.0483127	0.0107404	20.234	6.9E-06	20.2739	6.7E-06
rs6088700	20	33660752	0.537488	T	C	0.819415	0.998676	20.6847	5.4E-06	-0.0479337	0.0104089	21.2065	4.1E-06	21.2468	4.0E-06
rs6120821	20	33660761	0.537488	T	C	0.819415	0.998657	20.6818	5.4E-06	-0.0479308	0.010409	21.2037	4.1E-06	21.2441	4.0E-06
rs6120825	20	33671141	0.537488	A	C	0.812397	0.979315	20.7553	5.2E-06	-0.0476619	0.0103524	21.1962	4.1E-06	21.2347	4.1E-06
rs6120826	20	33671831	0.537488	G	A	0.819425	0.99783	20.2172	6.9E-06	-0.0474239	0.0104106	20.7513	5.2E-06	20.7886	5.1E-06
rs6119569	20	33672371	0.537488	G	A	0.837834	0.925077	20.1931	7.0E-06	-0.051751	0.0113427	20.8164	5.1E-06	20.8587	4.9E-06
rs750915910	20	33672527	0.537488	ATATGTG	A	0.850219	0.909678	21.6753	3.2E-06	-0.055367	0.0117399	22.242	2.4E-06	22.2798	2.4E-06
rs6120828	20	33674460	0.537488	T	C	0.819411	0.998521	20.716	5.3E-06	-0.0479942	0.0104103	21.2544	4.0E-06	21.2929	3.9E-06
rs6088703	20	33676049	0.537521	T	A	0.819301	0.997145	20.7969	5.1E-06	-0.0480745	0.0104154	21.3048	3.9E-06	21.3457	3.8E-06
rs3746429	20	33703607	0.537603	C	T	0.838841	1	23.5878	1.2E-06	-0.0532793	0.0108688	24.0299	9.5E-07	24.0779	9.3E-07
rs3746428	20	33719183	0.537657	G	A	0.837831	0.993758	24.5104	7.4E-07	-0.0543381	0.010877	24.9569	5.9E-07	25.004	5.7E-07
rs55670307	20	33720494	0.537678	T	C	0.782591	0.993197	27.8281	1.3E-07	-0.0516221	0.00972962	28.1501	1.1E-07	28.181	1.1E-07
rs112928119	20	33726451	0.537689	C	T	0.786746	0.994785	25.4152	4.6E-07	-0.0497315	0.00978203	25.8467	3.7E-07	25.8763	3.6E-07
20:33727276_AC_A	20	33727276	0.537699	AC	A	0.786891	0.993769	26.0171	3.4E-07	-0.0503301	0.00978857	26.4374	2.7E-07	26.4675	2.7E-07
rs7353271	20	33727431	0.537701	C	T	0.83911	0.995144	23.9498	9.9E-07	-0.0537318	0.010903	24.2867	8.3E-07	24.3412	8.1E-07
rs6120848	20	33728678	0.537715	T	C	0.787535	0.996959	25.3937	4.7E-07	-0.0496933	0.00978556	25.7884	3.8E-07	25.8199	3.7E-07
rs6120849	20	33730387	0.537741	C	T	0.787415	1	25.0736	5.5E-07	-0.0492917	0.00977154	25.4461	4.5E-07	25.4785	4.5E-07
rs6060266	20	33733078	0.537746	T	C	0.789118	0.99796	24.6802	6.8E-07	-0.0492253	0.00982216	25.1167	5.4E-07	25.1469	5.3E-07
rs6058193	20	33734464	0.537748	A	G	0.788189	0.999328	25.0155	5.7E-07	-0.0494403	0.00980162	25.4429	4.6E-07	25.4763	4.5E-07
rs6060270	20	33736814	0.537752	G	T	0.788145	0.999215	24.6827	6.8E-07	-0.0491103	0.00980155	25.1047	5.4E-07	25.1385	5.3E-07
20:33739804_CCCAT_C	20	33739804	0.537759	CCCAT	C	0.788074	0.998628	25.154	5.3E-07	-0.0495385	0.00980232	25.5404	4.3E-07	25.5771	4.3E-07
rs6058194	20	33739831	0.537759	G	A	0.788248	0.999198	24.9617	5.8E-07	-0.0494236	0.00980861	25.3894	4.7E-07	25.4242	4.6E-07
rs6058195	20	33740005	0.537759	T	C	0.788242	0.999232	24.9577	5.9E-07	-0.0494171	0.0098082	25.3849	4.7E-07	25.4195	4.6E-07
20:33742645_GAAGGCAGCATGCTCGTT_G	20	33742645	0.537764	GAAGGCAGCATGCTCGTT	G	0.838371	0.996545	22.2648	2.4E-06	-0.0516924	0.0108797	22.5745	2.0E-06	22.6293	2.0E-06
rs11696967	20	33743609	0.537765	A	C	0.788523	0.999528	24.4983	7.4E-07	-0.0489389	0.00980574	24.9085	6.0E-07	24.9416	5.9E-07
rs6088732	20	33744134	0.537766	C	T	0.788328	0.999577	24.7957	6.4E-07	-0.0491933	0.00980514	25.1712	5.2E-07	25.2066	5.2E-07
rs6060273	20	33744323	0.537766	G	C	0.784585	0.999769	25.3396	4.8E-07	-0.0494	0.0097484	25.6796	4.0E-07	25.7125	4.0E-07
rs6088733	20	33744904	0.537767	A	G	0.782571	1	23.908	1.0E-06	-0.0479846	0.00972582	24.3417	8.1E-07	24.3729	7.9E-07
rs6088735	20	33745676	0.537768	C	T	0.784427	1	25.038	5.6E-07	-0.0491019	0.00974272	25.4001	4.7E-07	25.4332	4.6E-07
rs6088737	20	33745938	0.537769	A	G	0.784412	0.999912	25.3563	4.8E-07	-0.049414	0.0097421	25.7273	3.9E-07	25.7591	3.9E-07
rs761979350	20	33747199	0.537771	CCAGT	C	0.784652	0.998802	25.1982	5.2E-07	-0.0493116	0.00975279	25.5647	4.3E-07	25.596	4.2E-07
rs6088738	20	33747331	0.537771	G	A	0.784145	0.999665	25.0824	5.5E-07	-0.0491627	0.00973869	25.4841	4.5E-07	25.5156	4.4E-07
rs60114198	20	33747692	0.537772	T	A	0.80082	0.949291	22.8492	1.8E-06	-0.0497125	0.0103218	23.1963	1.5E-06	23.222	1.4E-06
rs58956770	20	33747693	0.537772	T	A	0.792753	0.926111	22.4686	2.1E-06	-0.049041	0.0102757	22.7772	1.8E-06	22.8032	1.8E-06
rs13040631	20	33747714	0.537772	T	C	0.784395	0.999607	25.1665	5.3E-07	-0.0492765	0.00974406	25.5741	4.3E-07	25.6045	4.2E-07
rs6088739	20	33748724	0.537774	G	A	0.784614	0.99942	25.3284	4.8E-07	-0.0494477	0.00974871	25.7275	3.9E-07	25.7588	3.9E-07
rs6088740	20	33748769	0.537774	T	C	0.796219	0.99267	20.2426	6.8E-06	-0.0453222	0.0100035	20.5265	5.9E-06	20.5763	5.7E-06
rs6088741	20	33748779	0.537774	G	A	0.796147	0.992637	20.1685	7.1E-06	-0.0452524	0.0100036	20.4629	6.1E-06	20.5121	5.9E-06
rs6088742	20	33748835	0.537774	G	A	0.796246	0.993285	20.2273	6.9E-06	-0.0452989	0.010001	20.5157	5.9E-06	20.5647	5.8E-06
20:33749210_CA_C	20	33749210	0.537775	CA	C	0.79696	0.962097	21.2641	4.0E-06	-0.0472317	0.010157	21.624	3.3E-06	21.6691	3.2E-06
rs13037296	20	33749228	0.537775	T	A	0.784252	0.99939	25.2698	5.0E-07	-0.0493602	0.00974067	25.6789	4.0E-07	25.7117	4.0E-07
rs6088743	20	33749657	0.537775	A	G	0.784184	0.998953	25.1129	5.4E-07	-0.0492027	0.00974013	25.5181	4.4E-07	25.5497	4.3E-07
rs6060276	20	33750479	0.537777	T	C	0.784483	0.999268	25.3806	4.7E-07	-0.0494909	0.00974575	25.7881	3.8E-07	25.8185	3.8E-07
rs6087681	20	33752896	0.537781	G	C	0.786686	0.99155	26.5596	2.6E-07	-0.0510014	0.00981137	27.0212	2.0E-07	27.0494	2.0E-07
rs6087682	20	33752897	0.537781	A	T	0.786692	0.991499	26.5663	2.5E-07	-0.0510082	0.00981157	27.0273	2.0E-07	27.0556	2.0E-07
rs6060278	20	33753262	0.537782	T	C	0.783929	1	25.6344	4.1E-07	-0.0496584	0.00973552	26.0176	3.4E-07	26.0479	3.3E-07
rs35672093	20	33753791	0.537783	C	CTT	0.787079	0.987035	24.4309	7.7E-07	-0.0491666	0.00986747	24.8272	6.3E-07	24.8588	6.2E-07
rs6120854	20	33757180	0.537831	C	T	0.784793	0.995099	24.2122	8.6E-07	-0.0483614	0.00976061	24.5496	7.2E-07	24.5813	7.1E-07
rs145897895	20	54149924	0.855433	G	T	0.986208	0.790411	23.0756	1.6E-06	-0.184364	0.0386162	22.7937	1.8E-06	22.7986	1.8E-06
rs782050758	20	54182970	0.855688	CATGAAGA	C	0.977721	0.759798	20.8497	5.0E-06	-0.143811	0.0312777	21.1406	4.3E-06	21.1377	4.3E-06
rs78969722	21	17319116	0.0543237	G	A	0.993864	0.75504	20.7095	5.3E-06	0.259234	0.0576071	20.2503	6.8E-06	20.256	6.8E-06
rs186029074	21	19472719	0.10928	A	G	0.996909	0.732389	23.1093	1.5E-06	-0.403908	0.0837326	23.2689	1.4E-06	23.293	1.4E-06
rs145100122	21	21777624	0.153217	A	C	0.995987	0.783341	19.4684	1.0E-05	-0.318208	0.0720042	19.5301	9.9E-06	19.5387	9.9E-06
rs6000865	22	38107609	0.468674	A	C	0.239344	0.789097	20.6508	5.5E-06	-0.048665	0.0107066	20.6599	5.5E-06	20.6619	5.5E-06
