rs149751856	3	182520424	1.97663	G	A	0.99141	0.954891	30.2776	3.7E-08	0.525145	0.0910796	33.2442	8.1E-09	33.629	6.7E-09
rs72840788	10	121415685	1.50658	G	A	0.781083	0.979364	28.7643	8.2E-08	-0.111871	0.0200944	30.9946	2.6E-08	31.096	2.5E-08
rs61869036	10	121422836	1.50662	G	C	0.78097	0.991989	28.4798	9.5E-08	-0.110703	0.0199672	30.7384	3.0E-08	30.8153	2.8E-08
rs375034445	10	121424815	1.50663	A	AT	0.783983	0.985187	28.0851	1.2E-07	-0.111061	0.0201448	30.3946	3.5E-08	30.2994	3.7E-08
rs117550412	10	121424962	1.50663	A	T	0.781024	0.993287	28.3661	1.0E-07	-0.110453	0.0199573	30.63	3.1E-08	30.6974	3.0E-08
rs17617337	10	121426884	1.50663	C	T	0.781037	0.994389	28.3415	1.0E-07	-0.110354	0.019947	30.607	3.2E-08	30.6727	3.1E-08
rs2234962	10	121429633	1.50666	T	C	0.780898	1	28.8285	7.9E-08	-0.110792	0.0198872	31.0364	2.5E-08	31.1546	2.4E-08
rs72842207	10	121433675	1.50667	C	T	0.781265	0.998405	28.0313	1.2E-07	-0.109487	0.0199095	30.2418	3.8E-08	30.3106	3.7E-08
rs6488162	12	33593127	0.545896	T	C	0.444247	0.985576	29.6422	5.2E-08	-0.0926282	0.0168041	30.3849	3.5E-08	30.578	3.2E-08
rs2047273	18	34184859	0.563794	T	C	0.678662	0.959901	30.819	2.8E-08	-0.100352	0.0180114	31.0428	2.5E-08	31.1436	2.4E-08
rs2848907	18	34185248	0.563818	A	G	0.737851	0.96307	33.7094	6.4E-09	-0.11152	0.0190842	34.1474	5.1E-09	34.6013	4.0E-09
rs369533272	18	34185606	0.563822	C	CA	0.766362	0.95343	36.9104	1.2E-09	-0.121446	0.0199211	37.1654	1.1E-09	37.3977	9.6E-10
rs2644257	18	34213453	0.563886	A	G	0.736912	0.985526	32.2919	1.3E-08	-0.107248	0.0188582	32.3426	1.3E-08	32.7043	1.1E-08
rs2848919	18	34217777	0.563903	C	T	0.789746	0.984704	33.4762	7.2E-09	-0.117279	0.0203162	33.3241	7.8E-09	33.5604	6.9E-09
rs2848918	18	34219126	0.563942	T	G	0.734868	1	34.8308	3.6E-09	-0.110485	0.0187103	34.8695	3.5E-09	35.1773	3.0E-09
rs2644260	18	34219234	0.563945	G	T	0.739603	0.98262	32.711	1.1E-08	-0.108503	0.0189696	32.7168	1.1E-08	33.0883	8.8E-09
rs2848917	18	34219235	0.563945	T	C	0.696663	0.979374	32.8476	1.0E-08	-0.104386	0.0181265	33.1635	8.5E-09	33.2153	8.2E-09
18:34219777_G_GTT	18	34219777	0.563954	G	GTT	0.750745	0.979538	30.6426	3.1E-08	-0.106121	0.0192341	30.4408	3.4E-08	30.545	3.3E-08
rs2644261	18	34220491	0.563967	T	C	0.686593	0.991035	31.0856	2.5E-08	-0.0990857	0.0178626	30.7703	2.9E-08	30.7626	2.9E-08
rs2644262	18	34223566	0.563975	T	C	0.729448	0.991007	37.699	8.3E-10	-0.113827	0.0186263	37.3455	9.9E-10	37.5673	8.8E-10
rs150696888	18	34225137	0.563979	G	GCTCATGCCTGTAATCCCAGGA	0.73781	0.98497	30.4368	3.4E-08	-0.104384	0.0188763	30.5799	3.2E-08	30.4608	3.4E-08
18:34227482_CCAT_C	18	34227482	0.563984	CCAT	C	0.775169	0.984192	36.1532	1.8E-09	-0.119663	0.0198812	36.2274	1.8E-09	36.2328	1.8E-09
rs2957176	18	34229559	0.563988	C	T	0.776884	0.987689	36.9404	1.2E-09	-0.120581	0.0198835	36.7764	1.3E-09	36.8057	1.3E-09
rs2644263	18	34229638	0.563988	C	A	0.776884	0.987661	36.9234	1.2E-09	-0.120555	0.0198836	36.7601	1.3E-09	36.7904	1.3E-09
rs2644266	18	34231270	0.564008	A	G	0.740667	0.990017	32.9578	9.4E-09	-0.107647	0.0188759	32.523	1.2E-08	32.9998	9.2E-09
rs2848901	18	34232610	0.564022	C	T	0.718581	0.989527	32.92	9.6E-09	-0.104715	0.0184079	32.3603	1.3E-08	32.7927	1.0E-08
rs1893433	18	34232952	0.564028	T	C	0.717534	0.989997	33.0719	8.9E-09	-0.104794	0.0183732	32.5316	1.2E-08	32.9455	9.5E-09
rs1495900	18	34235656	0.564051	A	G	0.741158	0.991887	32.7099	1.1E-08	-0.107352	0.0188469	32.4444	1.2E-08	32.7215	1.1E-08
18:34235735_CAA_C	18	34235735	0.564051	CAA	C	0.748801	0.975618	32.124	1.4E-08	-0.107993	0.0191868	31.6799	1.8E-08	31.7561	1.7E-08
rs2644267	18	34236026	0.564052	G	A	0.741525	0.991705	32.1693	1.4E-08	-0.106471	0.0188606	31.8677	1.7E-08	32.152	1.4E-08
rs2644268	18	34240401	0.564074	G	C	0.740389	0.993166	32.6932	1.1E-08	-0.106929	0.0188466	32.1901	1.4E-08	32.6401	1.1E-08
rs499715	18	34243902	0.564133	T	G	0.261169	0.995899	35.3686	2.7E-09	0.110383	0.0187809	34.5438	4.2E-09	34.9672	3.4E-09
rs499906	18	34243972	0.564135	G	T	0.304786	1	32.5659	1.2E-08	0.102035	0.017966	32.2551	1.4E-08	32.5161	1.2E-08
rs501740	18	34244174	0.564139	G	T	0.263666	0.993023	35.0496	3.2E-09	0.10971	0.0187476	34.2456	4.9E-09	34.6936	3.9E-09
rs617207	18	34244842	0.564148	A	G	0.281329	0.990323	34.5382	4.2E-09	0.107046	0.0183388	34.072	5.3E-09	34.3514	4.6E-09
rs657171	18	34253625	0.564213	T	C	0.282379	0.985735	34.4131	4.5E-09	0.106811	0.0183493	33.8835	5.9E-09	34.2093	4.9E-09
rs503274	18	34253745	0.564214	C	T	0.302645	0.985619	36.519	1.5E-09	0.107657	0.0180044	35.7545	2.2E-09	36.1547	1.8E-09
rs671447	18	34262350	0.564274	C	T	0.350268	0.987189	29.6252	5.2E-08	0.0944565	0.0173234	29.7303	5.0E-08	30.0898	4.1E-08
rs658167	18	34263060	0.564276	C	G	0.348579	0.987325	30.1917	3.9E-08	0.0953723	0.0173398	30.2522	3.8E-08	30.6071	3.2E-08
rs527797	18	34270834	0.564309	A	C	0.289967	0.994777	29.6175	5.3E-08	0.0981463	0.0181242	29.3245	6.1E-08	29.8218	4.7E-08
rs536188	18	34271792	0.564315	T	C	0.339322	0.989072	29.7417	4.9E-08	0.095684	0.0174589	30.0362	4.2E-08	30.4257	3.5E-08
rs4799878	18	34280866	0.564323	C	T	0.662909	0.990954	29.4947	5.6E-08	-0.0949893	0.0174329	29.6898	5.1E-08	30.0053	4.3E-08
rs4799426	18	34280891	0.564323	A	G	0.663003	0.991336	29.4387	5.8E-08	-0.0950214	0.0174326	29.7111	5.0E-08	30.0163	4.3E-08
rs4799879	18	34280897	0.564323	G	A	0.662615	0.991198	29.6329	5.2E-08	-0.0952478	0.0174322	29.8542	4.7E-08	30.1668	4.0E-08
rs3809994	18	34297753	0.564397	C	T	0.616324	0.978261	29.4817	5.6E-08	-0.0934807	0.017079	29.9585	4.4E-08	30.111	4.1E-08
