rs4677294	3	73554922	1.01084	T	A	0.646704	0.98938	30.2102	3.9E-08	-0.0806175	0.0147736	29.7774	4.8E-08	30.1243	4.1E-08
rs528236848	5	80879264	0.956286	C	T	0.998505	0.877309	29.4896	5.6E-08	-1.07101	0.195426	30.0349	4.2E-08	30.1602	4.0E-08
rs9269254	6	32454327	0.520293	C	T	0.595254	0.921783	29.6139	5.3E-08	-0.0809442	0.0147461	30.1314	4.0E-08	30.2205	3.9E-08
rs72492329	6	32521136	0.520312	G	A	0.682888	0.806185	32.4055	1.3E-08	-0.0928066	0.0163641	32.1644	1.4E-08	32.2059	1.4E-08
6:32554197_T_G	6	32554197	0.520341	T	G	0.56656	0.924618	31.7164	1.8E-08	-0.0824476	0.0146011	31.8849	1.6E-08	32.1475	1.4E-08
rs9270529	6	32559658	0.520356	C	T	0.612715	0.958812	29.8188	4.7E-08	-0.0806177	0.0146998	30.0773	4.2E-08	30.1515	4.0E-08
rs9270549	6	32560440	0.520358	G	A	0.538894	0.955465	30.4711	3.4E-08	-0.0798099	0.0143429	30.9626	2.6E-08	31.0303	2.5E-08
rs9270562	6	32560757	0.520358	G	T	0.635246	0.930368	30.7111	3.0E-08	-0.0841032	0.015093	31.0508	2.5E-08	31.1741	2.4E-08
rs9270572	6	32561010	0.520359	G	T	0.593645	0.956064	30.2787	3.7E-08	-0.0811162	0.0146192	30.7871	2.9E-08	30.7362	3.0E-08
rs68152293	6	32561020	0.520359	C	A	0.597838	0.949416	29.8254	4.7E-08	-0.0807521	0.0146429	30.4127	3.5E-08	30.4092	3.5E-08
rs9270574	6	32561028	0.520359	G	T	0.593651	0.956023	30.2165	3.9E-08	-0.0810317	0.0146192	30.7227	3.0E-08	30.6711	3.1E-08
rs9270597	6	32561598	0.520361	T	G	0.584242	0.942033	30.8493	2.8E-08	-0.0816204	0.0146439	31.0657	2.5E-08	31.0038	2.6E-08
rs9270598	6	32561618	0.520361	T	C	0.584976	0.944685	30.898	2.7E-08	-0.0816107	0.0146267	31.1314	2.4E-08	31.0689	2.5E-08
rs9270609	6	32565051	0.52037	A	T	0.675109	0.992232	30.5355	3.3E-08	-0.0836947	0.0150451	30.9463	2.7E-08	31.1338	2.4E-08
6:32565068_GT_G	6	32565068	0.52037	GT	G	0.675185	0.992481	30.511	3.3E-08	-0.0836616	0.0150448	30.9227	2.7E-08	31.113	2.4E-08
rs9270614	6	32565115	0.52037	C	A	0.670636	0.986015	29.8859	4.6E-08	-0.0824268	0.0150147	30.1372	4.0E-08	30.2783	3.7E-08
rs9270632	6	32565533	0.520371	G	A	0.668395	0.975387	30.4248	3.5E-08	-0.083545	0.0150516	30.8088	2.8E-08	30.9283	2.7E-08
rs148723015	6	32565624	0.520371	C	CG	0.676892	0.984697	29.2391	6.4E-08	-0.0821875	0.0150901	29.6638	5.1E-08	29.8398	4.7E-08
rs9270634	6	32565625	0.520371	C	G	0.676892	0.984697	29.2391	6.4E-08	-0.0821875	0.0150901	29.6638	5.1E-08	29.8398	4.7E-08
rs9270642	6	32565707	0.520371	G	T	0.675075	0.98816	29.8589	4.6E-08	-0.0827835	0.0150361	30.3123	3.7E-08	30.4881	3.4E-08
rs9270647	6	32565805	0.520372	A	C	0.676122	0.987373	29.7457	4.9E-08	-0.0826933	0.0150399	30.2308	3.8E-08	30.4312	3.5E-08
rs9270649	6	32565808	0.520372	G	A	0.676126	0.987376	29.7431	4.9E-08	-0.0826905	0.0150399	30.2288	3.8E-08	30.4294	3.5E-08
rs9270651	6	32565884	0.520372	C	T	0.67809	0.993039	30.9236	2.7E-08	-0.0843936	0.0150664	31.3764	2.1E-08	31.5227	2.0E-08
rs9270652	6	32565905	0.520372	C	T	0.678021	0.993225	30.8794	2.7E-08	-0.0843209	0.0150655	31.326	2.2E-08	31.4744	2.0E-08
rs9270653	6	32565940	0.520372	G	A	0.677946	0.993718	30.9531	2.6E-08	-0.0844006	0.0150596	31.4098	2.1E-08	31.5575	1.9E-08
rs9270654	6	32565946	0.520372	T	G	0.672347	0.979934	29.163	6.7E-08	-0.0820018	0.0150765	29.5834	5.4E-08	29.7742	4.9E-08
rs9270655	6	32565966	0.520372	A	T	0.674802	0.988863	29.7267	5.0E-08	-0.0825675	0.0150328	30.1674	4.0E-08	30.3426	3.6E-08
rs9270657	6	32566021	0.520372	T	G	0.668273	0.996432	30.3475	3.6E-08	-0.0826264	0.0149311	30.6234	3.1E-08	30.7829	2.9E-08
rs9270659	6	32566076	0.520372	C	T	0.690802	0.978254	29.1894	6.6E-08	-0.0833108	0.0152789	29.7315	5.0E-08	29.909	4.5E-08
rs9270660	6	32566077	0.520372	A	G	0.690806	0.978251	29.1849	6.6E-08	-0.0833047	0.015279	29.7268	5.0E-08	29.9044	4.5E-08
rs9270661	6	32566087	0.520372	A	G	0.690774	0.978261	29.1772	6.6E-08	-0.0832917	0.0152783	29.7203	5.0E-08	29.8973	4.6E-08
rs9270663	6	32566101	0.520372	A	G	0.676923	0.996991	30.9346	2.7E-08	-0.0841437	0.0150224	31.3734	2.1E-08	31.5383	2.0E-08
rs2858875	6	32566649	0.520374	T	C	0.673135	0.980715	29.6776	5.1E-08	-0.0827292	0.0150809	30.0927	4.1E-08	30.2757	3.7E-08
rs687675	6	32567316	0.520376	T	G	0.67053	0.970121	29.2968	6.2E-08	-0.0824012	0.0151196	29.702	5.0E-08	29.8517	4.7E-08
rs541195	6	32567321	0.520376	A	T	0.670537	0.970086	29.3225	6.1E-08	-0.0824354	0.0151202	29.7245	5.0E-08	29.8754	4.6E-08
rs591973	6	32567757	0.520378	G	A	0.663421	0.997581	29.0763	7.0E-08	-0.0809688	0.014899	29.5339	5.5E-08	29.812	4.8E-08
rs9270745	6	32568264	0.52038	G	A	0.662873	0.975611	29.1764	6.6E-08	-0.0817107	0.0150222	29.5864	5.3E-08	29.9033	4.5E-08
rs9270746	6	32568284	0.52038	C	T	0.662811	0.975565	29.2701	6.3E-08	-0.0818515	0.0150208	29.694	5.1E-08	30.0099	4.3E-08
rs680151	6	32571166	0.520393	A	G	0.663388	0.984141	28.9513	7.4E-08	-0.0811683	0.0149718	29.3919	5.9E-08	29.708	5.0E-08
rs9270975	6	32573726	0.520411	A	G	0.667704	0.989338	32.1538	1.4E-08	-0.0856109	0.0149955	32.5939	1.1E-08	32.9207	9.6E-09
rs615698	6	32574190	0.520415	A	G	0.702306	0.944805	32.063	1.5E-08	-0.0888498	0.0155786	32.5279	1.2E-08	32.812	1.0E-08
rs615719	6	32574204	0.520415	G	A	0.702001	0.948222	32.0989	1.5E-08	-0.0891545	0.0157172	32.1765	1.4E-08	32.378	1.3E-08
rs9272278	6	32603656	0.52061	C	G	0.842342	0.957835	29.986	4.4E-08	-0.104572	0.0191626	29.7797	4.8E-08	30.1743	3.9E-08
rs9272770	6	32610226	0.520644	G	A	0.826381	0.983216	33.2374	8.2E-09	-0.106163	0.0184422	33.1374	8.6E-09	33.4981	7.1E-09
rs1048381	6	32610445	0.520645	G	A	0.825519	0.985962	32.4718	1.2E-08	-0.104754	0.0183864	32.4603	1.2E-08	32.7603	1.0E-08
rs3021302	6	32623150	0.520707	T	C	0.829434	1	30.297	3.7E-08	-0.101678	0.0184454	30.3864	3.5E-08	30.7598	2.9E-08
rs9273325	6	32623193	0.520708	G	A	0.829932	0.998114	31.2932	2.2E-08	-0.10357	0.018493	31.3654	2.1E-08	31.7275	1.8E-08
rs10807170	6	36629444	0.562647	C	T	0.344266	0.99976	34.52	4.2E-09	0.084855	0.0147524	33.085	8.8E-09	33.5168	7.1E-09
rs4713996	6	36629714	0.562648	C	T	0.344197	1	34.5192	4.2E-09	0.0848712	0.0147474	33.1198	8.7E-09	33.5591	6.9E-09
rs9394368	6	36630525	0.562651	C	G	0.344242	0.999669	34.4594	4.4E-09	0.0848022	0.0147532	33.0403	9.0E-09	33.4789	7.2E-09
6:36632184_CT_C	6	36632184	0.562656	CT	C	0.351004	0.931616	39.2321	3.8E-10	0.0929906	0.0151494	37.6781	8.3E-10	37.9318	7.3E-10
rs4711456	6	36632482	0.562657	C	T	0.344227	0.999026	34.272	4.8E-09	0.0846305	0.0147585	32.8828	9.8E-09	33.3032	7.9E-09
rs4713999	6	36633069	0.562659	A	G	0.337928	0.998268	33.7219	6.4E-09	0.0840078	0.014813	32.1629	1.4E-08	32.5593	1.2E-08
rs4711457	6	36633160	0.56266	T	C	0.343285	0.998652	35.1873	3.0E-09	0.0855964	0.0147595	33.6331	6.7E-09	34.0842	5.3E-09
rs5875553	6	36633706	0.562662	T	TA	0.346478	0.966046	33.0268	9.1E-09	0.0839295	0.0149651	31.4537	2.0E-08	31.8539	1.7E-08
rs6930083	6	36634156	0.562664	A	G	0.337994	0.998009	33.8147	6.1E-09	0.0841412	0.0148144	32.2589	1.3E-08	32.652	1.1E-08
rs4714001	6	36638175	0.562677	G	A	0.364817	0.99848	31.0013	2.6E-08	0.0797394	0.0145747	29.9329	4.5E-08	30.398	3.5E-08
rs730506	6	36645968	0.562809	G	C	0.799861	0.993777	43.1018	5.2E-11	-0.112533	0.0175948	40.9062	1.6E-10	42.0768	8.8E-11
rs4151702	6	36645988	0.56281	G	C	0.799847	0.993641	42.7401	6.3E-11	-0.112054	0.0175963	40.5524	1.9E-10	41.7215	1.1E-10
rs146170154	6	36646768	0.562831	C	CTA	0.79963	0.984287	41.8544	9.8E-11	-0.111223	0.0176659	39.6383	3.1E-10	40.7549	1.7E-10
rs3176320	6	36646788	0.562831	A	G	0.667354	0.991162	35.1523	3.0E-09	-0.0875187	0.0149834	34.1178	5.2E-09	34.6759	3.9E-09
rs3176323	6	36646849	0.562833	T	C	0.690486	0.989045	37.373	9.8E-10	-0.091644	0.0152697	36.0202	2.0E-09	36.7338	1.4E-09
rs3176326	6	36647289	0.562845	G	A	0.800088	0.987428	41.5071	1.2E-10	-0.11061	0.0176665	39.2001	3.8E-10	40.3734	2.1E-10
rs4135240	6	36647680	0.562852	T	C	0.664757	0.985692	36.7895	1.3E-09	-0.0895845	0.0149987	35.6746	2.3E-09	36.2344	1.7E-09
6:36648064_CGCGT_C	6	36648064	0.562859	CGCGT	C	0.780229	0.879753	39.7583	2.9E-10	-0.11131	0.0180477	38.0391	6.9E-10	39.0388	4.2E-10
rs3176334	6	36648364	0.562864	T	C	0.672511	0.985216	34.4092	4.5E-09	-0.0872537	0.0150832	33.4643	7.3E-09	33.9207	5.7E-09
rs72840788	10	121415685	1.50658	G	A	0.785067	0.979364	35.1522	3.0E-09	-0.103917	0.0172256	36.3937	1.6E-09	36.7385	1.4E-09
rs17099139	10	121419487	1.50662	C	G	0.724421	0.987408	37.6299	8.6E-10	-0.0975099	0.0157575	38.2935	6.1E-10	38.6948	5.0E-10
rs61869036	10	121422836	1.50662	G	C	0.784869	0.991989	33.8627	5.9E-09	-0.101303	0.0171147	35.0353	3.2E-09	35.4035	2.7E-09
rs375034445	10	121424815	1.50663	A	AT	0.787609	0.985187	32.1239	1.4E-08	-0.0995527	0.0172533	33.2937	7.9E-09	33.5951	6.8E-09
rs117550412	10	121424962	1.50663	A	T	0.784908	0.993287	33.7259	6.3E-09	-0.101051	0.0171057	34.8977	3.5E-09	35.2676	2.9E-09
rs7095308	10	121426312	1.50663	G	A	0.724583	0.991566	37.9152	7.4E-10	-0.0976694	0.0157297	38.5545	5.3E-10	38.9573	4.3E-10
rs17617337	10	121426884	1.50663	C	T	0.784918	0.994389	33.6712	6.5E-09	-0.10091	0.0170966	34.8377	3.6E-09	35.2096	3.0E-09
rs2234962	10	121429633	1.50666	T	C	0.784642	1	34.1371	5.1E-09	-0.10119	0.0170416	35.2575	2.9E-09	35.667	2.3E-09
rs72842207	10	121433675	1.50667	C	T	0.785066	0.998405	33.0228	9.1E-09	-0.0996501	0.0170645	34.101	5.2E-09	34.4976	4.3E-09
rs2848907	18	34185248	0.563818	A	G	0.740159	0.96307	31.7915	1.7E-08	-0.0924839	0.0162497	32.3922	1.3E-08	32.9887	9.3E-09
rs369533272	18	34185606	0.563822	C	CA	0.768236	0.95343	34.4789	4.3E-09	-0.10031	0.0169528	35.0109	3.3E-09	35.4744	2.6E-09
rs2644257	18	34213453	0.563886	A	G	0.739922	0.985526	31.6148	1.9E-08	-0.0909217	0.0160748	31.992	1.5E-08	32.496	1.2E-08
rs2848919	18	34217777	0.563903	C	T	0.79332	0.984704	30.0601	4.2E-08	-0.0957019	0.0173774	30.33	3.6E-08	30.5858	3.2E-08
rs2848918	18	34219126	0.563942	T	G	0.734497	1	34.4874	4.3E-09	-0.0940299	0.0158709	35.1016	3.1E-09	35.5347	2.5E-09
rs2644260	18	34219234	0.563945	G	T	0.738182	0.98262	32.5283	1.2E-08	-0.0925814	0.0160906	33.1058	8.7E-09	33.5473	7.0E-09
rs2848917	18	34219235	0.563945	T	C	0.692296	0.979374	29.2007	6.5E-08	-0.0840589	0.0153715	29.9044	4.5E-08	30.1911	3.9E-08
18:34219777_G_GTT	18	34219777	0.563954	G	GTT	0.74945	0.979538	31.5917	1.9E-08	-0.0922941	0.0163216	31.9758	1.6E-08	32.0105	1.5E-08
rs2644261	18	34220491	0.563967	T	C	0.682023	0.991035	29.669	5.1E-08	-0.0827519	0.0151359	29.8911	4.6E-08	30.1208	4.1E-08
rs2644262	18	34223566	0.563975	T	C	0.727734	0.991007	34.7639	3.7E-09	-0.0939012	0.0158172	35.2437	2.9E-09	35.6322	2.4E-09
18:34227482_CCAT_C	18	34227482	0.563984	CCAT	C	0.773665	0.984192	33.9838	5.6E-09	-0.0993939	0.0168568	34.767	3.7E-09	34.9087	3.5E-09
rs2957176	18	34229559	0.563988	C	T	0.774643	0.987689	35.2274	2.9E-09	-0.100663	0.0168606	35.6449	2.4E-09	35.7978	2.2E-09
rs2644263	18	34229638	0.563988	C	A	0.774647	0.987661	35.2382	2.9E-09	-0.100692	0.0168617	35.6604	2.3E-09	35.8167	2.2E-09
rs2644266	18	34231270	0.564008	A	G	0.739453	0.990017	31.3346	2.2E-08	-0.0901561	0.0160152	31.6901	1.8E-08	32.0964	1.5E-08
rs2848901	18	34232610	0.564022	C	T	0.718315	0.989527	30.4165	3.5E-08	-0.086824	0.0156465	30.7925	2.9E-08	31.22	2.3E-08
rs1893433	18	34232952	0.564028	T	C	0.717339	0.989997	29.9248	4.5E-08	-0.0862008	0.0156233	30.4424	3.4E-08	30.9238	2.7E-08
rs2644268	18	34240401	0.564074	G	C	0.738451	0.993166	30.7024	3.0E-08	-0.0893016	0.0159795	31.2314	2.3E-08	31.6855	1.8E-08
rs499715	18	34243902	0.564133	T	G	0.262942	0.995899	32.8374	1.0E-08	0.0919726	0.0159151	33.3964	7.5E-09	33.8436	6.0E-09
rs501740	18	34244174	0.564139	G	T	0.26607	0.993023	31.9694	1.6E-08	0.0905816	0.0158828	32.5258	1.2E-08	33.0128	9.2E-09
rs503274	18	34253745	0.564214	C	T	0.302163	0.985619	31.2013	2.3E-08	0.0865197	0.015286	32.0361	1.5E-08	32.3474	1.3E-08
