rs149751856	3	182520424	1.97663	G	A	0.990698	0.954891	0.139061	7.1E-01	0.0577028	0.154227	0.139981	7.1E-01	0.1326	7.2E-01
rs72840788	10	121415685	1.50658	G	A	0.785861	0.979364	9.91479	1.6E-03	-0.11127	0.0355037	9.82219	1.7E-03	9.79971	1.7E-03
rs61869036	10	121422836	1.50662	G	C	0.785557	0.991989	9.62853	1.9E-03	-0.109081	0.0352706	9.56468	2.0E-03	9.54678	2.0E-03
rs375034445	10	121424815	1.50663	A	AT	0.788136	0.985187	8.77745	3.0E-03	-0.105028	0.0354959	8.75488	3.1E-03	8.73533	3.1E-03
rs117550412	10	121424962	1.50663	A	T	0.785587	0.993287	9.64546	1.9E-03	-0.109108	0.0352513	9.58	2.0E-03	9.56254	2.0E-03
rs17617337	10	121426884	1.50663	C	T	0.785611	0.994389	9.64688	1.9E-03	-0.109056	0.0352331	9.58078	2.0E-03	9.56364	2.0E-03
rs2234962	10	121429633	1.50666	T	C	0.785146	1	10.2568	1.4E-03	-0.111966	0.0351015	10.1746	1.4E-03	10.1615	1.4E-03
rs72842207	10	121433675	1.50667	C	T	0.785794	0.998405	9.56767	2.0E-03	-0.10833	0.035179	9.48266	2.1E-03	9.4669	2.1E-03
rs6488162	12	33593127	0.545896	T	C	0.443091	0.985576	2.18745	1.4E-01	-0.0457235	0.0292821	2.43823	1.2E-01	2.37167	1.2E-01
rs2047273	18	34184859	0.563794	T	C	0.680435	0.959901	6.03627	1.4E-02	-0.0744712	0.0311576	5.7128	1.7E-02	5.75763	1.6E-02
rs2848907	18	34185248	0.563818	A	G	0.742989	0.96307	6.94117	8.4E-03	-0.0853673	0.0333218	6.56335	1.0E-02	6.63539	1.0E-02
rs369533272	18	34185606	0.563822	C	CA	0.770551	0.95343	6.51757	1.1E-02	-0.0850072	0.0347734	5.9761	1.5E-02	6.06397	1.4E-02
rs2644257	18	34213453	0.563886	A	G	0.741788	0.985526	6.73715	9.4E-03	-0.0829107	0.032978	6.32081	1.2E-02	6.39234	1.1E-02
rs2848919	18	34217777	0.563903	C	T	0.79539	0.984704	4.67785	3.1E-02	-0.074757	0.035659	4.39505	3.6E-02	4.45105	3.5E-02
rs2848918	18	34219126	0.563942	T	G	0.739833	1	7.16642	7.4E-03	-0.0853328	0.0326946	6.8121	9.1E-03	6.87525	8.7E-03
rs2644260	18	34219234	0.563945	G	T	0.744904	0.98262	6.45299	1.1E-02	-0.0821121	0.0332358	6.10382	1.3E-02	6.15957	1.3E-02
rs2848917	18	34219235	0.563945	T	C	0.700333	0.979374	5.55706	1.8E-02	-0.0724009	0.0315887	5.25321	2.2E-02	5.28382	2.2E-02
18:34219777_G_GTT	18	34219777	0.563954	G	GTT	0.756827	0.979538	6.56649	1.0E-02	-0.085792	0.0338338	6.42971	1.1E-02	6.47249	1.1E-02
rs2644261	18	34220491	0.563967	T	C	0.688298	0.991035	6.02586	1.4E-02	-0.0746986	0.0310858	5.77431	1.6E-02	5.79262	1.6E-02
rs2644262	18	34223566	0.563975	T	C	0.73336	0.991007	6.94631	8.4E-03	-0.0842192	0.0326408	6.65731	9.9E-03	6.70859	9.6E-03
rs150696888	18	34225137	0.563979	G	GCTCATGCCTGTAATCCCAGGA	0.739692	0.98497	4.54229	3.3E-02	-0.068813	0.0328053	4.40001	3.6E-02	4.40278	3.6E-02
18:34227482_CCAT_C	18	34227482	0.563984	CCAT	C	0.779396	0.984192	6.3543	1.2E-02	-0.0864388	0.0348846	6.13975	1.3E-02	6.17956	1.3E-02
rs2957176	18	34229559	0.563988	C	T	0.781086	0.987689	6.70682	9.6E-03	-0.0891529	0.034889	6.52969	1.1E-02	6.5706	1.0E-02
rs2644263	18	34229638	0.563988	C	A	0.78106	0.987661	6.74054	9.4E-03	-0.0893955	0.0348904	6.56476	1.0E-02	6.60589	1.0E-02
rs2644266	18	34231270	0.564008	A	G	0.743629	0.990017	6.76034	9.3E-03	-0.0830436	0.0329653	6.34596	1.2E-02	6.40191	1.1E-02
rs2848901	18	34232610	0.564022	C	T	0.722457	0.989527	6.6906	9.7E-03	-0.0814132	0.0322522	6.37195	1.2E-02	6.41703	1.1E-02
rs1893433	18	34232952	0.564028	T	C	0.721263	0.989997	6.73902	9.4E-03	-0.0816741	0.0322067	6.43099	1.1E-02	6.48075	1.1E-02
rs1495900	18	34235656	0.564051	A	G	0.74681	0.991887	4.5012	3.4E-02	-0.0691814	0.0331289	4.36077	3.7E-02	4.3874	3.6E-02
18:34235735_CAA_C	18	34235735	0.564051	CAA	C	0.752822	0.975618	6.33215	1.2E-02	-0.0831171	0.0337136	6.07813	1.4E-02	6.12854	1.3E-02
rs2644267	18	34236026	0.564052	G	A	0.747378	0.991705	4.80969	2.8E-02	-0.0714714	0.0331662	4.64379	3.1E-02	4.67407	3.1E-02
rs2644268	18	34240401	0.564074	G	C	0.743557	0.993166	7.47255	6.3E-03	-0.0874581	0.032892	7.07001	7.8E-03	7.1387	7.5E-03
rs499715	18	34243902	0.564133	T	G	0.259738	0.995899	7.60297	5.8E-03	0.0881445	0.0326888	7.27097	7.0E-03	7.33588	6.8E-03
rs499906	18	34243972	0.564135	G	T	0.305527	1	5.21075	2.2E-02	0.0692103	0.0310273	4.97568	2.6E-02	5.0085	2.5E-02
rs501740	18	34244174	0.564139	G	T	0.262283	0.993023	7.07095	7.8E-03	0.0847546	0.0326467	6.7398	9.4E-03	6.80397	9.1E-03
rs617207	18	34244842	0.564148	A	G	0.277027	0.990323	4.2355	4.0E-02	0.0655209	0.0320467	4.18018	4.1E-02	4.18033	4.1E-02
rs657171	18	34253625	0.564213	T	C	0.278128	0.985735	4.28671	3.8E-02	0.0659962	0.0320881	4.2301	4.0E-02	4.2271	4.0E-02
rs503274	18	34253745	0.564214	C	T	0.299899	0.985619	6.57595	1.0E-02	0.079463	0.0313621	6.4198	1.1E-02	6.43516	1.1E-02
rs671447	18	34262350	0.564274	C	T	0.349798	0.987189	4.78624	2.9E-02	0.0647295	0.0301928	4.59617	3.2E-02	4.63054	3.1E-02
rs658167	18	34263060	0.564276	C	G	0.348333	0.987325	5.00291	2.5E-02	0.0662492	0.0302216	4.80535	2.8E-02	4.83851	2.8E-02
rs527797	18	34270834	0.564309	A	C	0.287863	0.994777	4.43766	3.5E-02	0.0656213	0.0316084	4.31007	3.8E-02	4.30959	3.8E-02
rs536188	18	34271792	0.564315	T	C	0.338152	0.989072	4.65115	3.1E-02	0.0645558	0.0304504	4.49452	3.4E-02	4.52098	3.3E-02
rs4799878	18	34280866	0.564323	C	T	0.665322	0.990954	5.92329	1.5E-02	-0.0731554	0.0305388	5.73836	1.7E-02	5.77542	1.6E-02
rs4799426	18	34280891	0.564323	A	G	0.665369	0.991336	5.611	1.8E-02	-0.0712018	0.0305113	5.4458	2.0E-02	5.48093	1.9E-02
rs4799879	18	34280897	0.564323	G	A	0.664964	0.991198	5.76908	1.6E-02	-0.0721653	0.0305125	5.59374	1.8E-02	5.62926	1.8E-02
rs3809994	18	34297753	0.564397	C	T	0.613955	0.978261	5.99898	1.4E-02	-0.0724096	0.0297174	5.93703	1.5E-02	5.93356	1.5E-02
