rs115073923	4	141994625	1.51348	C	T	0.999903	0.766057	34.7109	3.8E-09	-2.07966	0.34987	35.3322	2.8E-09	34.0142	5.5E-09
rs572786197	4	184879174	2.05069	C	T	0.999046	0.730679	33.3533	7.7E-09	-0.478386	0.0831598	33.0926	8.8E-09	33.7172	6.4E-09
rs3951016	6	118559658	1.25333	T	A	0.533768	0.990721	27.9208	1.3E-07	0.0239658	0.0043483	30.3769	3.6E-08	29.7606	4.9E-08
rs9489327	6	118561889	1.25335	T	C	0.504276	0.99491	28.4664	9.5E-08	-0.0241599	0.00432497	31.205	2.3E-08	30.7479	2.9E-08
rs283077	6	118569679	1.25336	T	G	0.496459	0.997891	28.8823	7.7E-08	-0.0243071	0.00432159	31.6358	1.9E-08	30.9412	2.7E-08
rs542453036	6	118580806	1.25338	G	GA	0.526999	0.996748	29.395	5.9E-08	-0.0244451	0.00432326	31.9714	1.6E-08	31.4378	2.1E-08
rs731695	6	118588490	1.25338	T	C	0.527194	0.99738	28.6935	8.5E-08	-0.0241747	0.00432077	31.304	2.2E-08	30.7742	2.9E-08
rs72965660	6	118594621	1.2534	A	G	0.527306	0.995676	29.1984	6.5E-08	-0.0243655	0.00432394	31.7535	1.8E-08	31.2347	2.3E-08
rs7452622	6	118598297	1.25342	A	C	0.529399	0.994856	30.4008	3.5E-08	-0.024822	0.00432638	32.9174	9.6E-09	32.3359	1.3E-08
rs11758375	6	118603770	1.25342	T	C	0.529206	0.994377	30.3179	3.7E-08	-0.0248092	0.00432706	32.873	9.8E-09	32.2812	1.3E-08
rs6927800	6	118604122	1.25342	C	G	0.529195	0.9944	30.3856	3.5E-08	-0.0248378	0.00432689	32.9516	9.4E-09	32.3592	1.3E-08
rs2065021	6	118613298	1.25345	T	A	0.528183	0.987484	30.2346	3.8E-08	-0.0248596	0.0043416	32.7861	1.0E-08	32.2195	1.4E-08
rs4294041	6	118618638	1.25347	A	G	0.56681	0.991667	29.094	6.9E-08	-0.0245717	0.00436414	31.7009	1.8E-08	31.203	2.3E-08
6:118627371_CT_C	6	118627371	1.25348	CT	C	0.520282	0.988014	30.3885	3.5E-08	-0.0252038	0.00434646	33.6249	6.7E-09	32.4752	1.2E-08
rs6940985	6	118627504	1.25348	T	G	0.520644	0.990452	30.6527	3.1E-08	-0.0253104	0.00434262	33.9699	5.6E-09	32.9448	9.5E-09
rs11968293	6	118634698	1.2535	A	C	0.490812	0.989803	32.6321	1.1E-08	-0.0258808	0.00433481	35.6463	2.4E-09	34.6732	3.9E-09
rs1572226	6	118635079	1.25351	C	G	0.490859	0.989848	32.5956	1.1E-08	-0.0258678	0.00433464	35.6133	2.4E-09	34.635	4.0E-09
rs381999	6	118636793	1.25354	G	A	0.329946	0.978303	37.6486	8.5E-10	-0.0293007	0.00461025	40.393	2.1E-10	38.9301	4.4E-10
rs72967533	6	118655020	1.25357	T	C	0.516032	0.99168	33.2775	8.0E-09	-0.025984	0.00433597	35.912	2.1E-09	35.4545	2.6E-09
rs4945621	6	118658256	1.25359	T	G	0.367158	0.989956	36.0526	1.9E-09	-0.0275488	0.00449062	37.6351	8.5E-10	36.8325	1.3E-09
rs11153730	6	118667522	1.25372	T	C	0.507087	1	31.4039	2.1E-08	-0.025236	0.00431601	34.1883	5.0E-09	33.7769	6.2E-09
rs937277	6	118673075	1.25373	G	T	0.358357	0.996866	35.1066	3.1E-09	-0.0273066	0.0044962	36.8845	1.3E-09	36.0383	1.9E-09
rs1761631	6	118676884	1.25374	A	T	0.358361	0.996512	35.1451	3.1E-09	-0.0273267	0.00449677	36.9295	1.2E-09	36.0829	1.9E-09
rs3047902	6	118677561	1.25377	A	ATTAG	0.358194	0.992317	34.9553	3.4E-09	-0.0273223	0.0045073	36.7455	1.3E-09	35.8569	2.1E-09
rs1743241	6	118679974	1.25386	G	A	0.435775	0.991577	30.1548	4.0E-08	-0.024875	0.00436392	32.4918	1.2E-08	31.5278	2.0E-08
rs1690673	6	118680281	1.25387	C	G	0.304241	0.992536	30.9025	2.7E-08	-0.0268772	0.00469742	32.7376	1.1E-08	31.2262	2.3E-08
rs11970286	6	118680374	1.25388	C	T	0.543795	1	37.2738	1.0E-09	-0.0277608	0.00433278	41.0517	1.5E-10	40.6148	1.9E-10
rs9374728	6	118682621	1.25389	A	G	0.574758	0.997897	28.4751	9.5E-08	0.0242593	0.00437464	30.7519	2.9E-08	29.8888	4.6E-08
rs4946339	6	118684529	1.2539	T	C	0.693662	0.995014	30.4431	3.4E-08	0.0265864	0.00468427	32.2133	1.4E-08	30.6545	3.1E-08
rs9489355	6	118685314	1.2539	A	G	0.425987	0.999656	29.3978	5.9E-08	-0.0245923	0.00436891	31.6849	1.8E-08	30.8615	2.8E-08
rs9320648	6	118690014	1.2539	A	C	0.426005	0.999684	29.4433	5.8E-08	-0.0246117	0.00436897	31.734	1.8E-08	30.9091	2.7E-08
rs7764272	6	118692498	1.25391	A	C	0.425988	0.999325	29.4447	5.8E-08	-0.0246178	0.0043693	31.7449	1.8E-08	30.9114	2.7E-08
rs7764280	6	118692514	1.25391	A	G	0.425976	0.999346	29.3767	6.0E-08	-0.0245868	0.00436932	31.6649	1.8E-08	30.8381	2.8E-08
rs7453914	6	118692981	1.25391	A	T	0.425911	0.998865	29.4758	5.7E-08	-0.0246304	0.00437031	31.7627	1.7E-08	30.9305	2.7E-08
rs9320649	6	118693665	1.25392	G	A	0.425923	0.998366	29.5675	5.4E-08	-0.0246659	0.00437142	31.8381	1.7E-08	30.9965	2.6E-08
rs57912492	6	118702621	1.25397	C	T	0.574463	0.993766	33.4326	7.4E-09	-0.0265617	0.00438475	36.6962	1.4E-09	35.7065	2.3E-09
rs56403768	6	118703534	1.25398	T	C	0.574617	0.992526	33.2215	8.2E-09	-0.0264745	0.0043872	36.4151	1.6E-09	35.4434	2.6E-09
rs2078383	6	118706643	1.25401	C	T	0.54725	0.993945	33.7985	6.1E-09	-0.0264609	0.00434473	37.0923	1.1E-09	36.2974	1.7E-09
rs375396927	6	118714230	1.25404	C	CAA	0.547248	0.99585	32.8636	9.9E-09	-0.0260574	0.00434189	36.0167	2.0E-09	35.1736	3.0E-09
rs17226667	6	118721628	1.25404	A	G	0.542508	0.996808	32.513	1.2E-08	-0.0259912	0.00433785	35.9008	2.1E-09	35.0471	3.2E-09
rs17227124	6	118741382	1.25404	T	C	0.542828	0.997446	31.9176	1.6E-08	-0.0257705	0.00433598	35.3242	2.8E-09	34.4377	4.4E-09
rs56399949	6	118756988	1.25404	A	G	0.542918	0.997365	31.5159	2.0E-08	-0.0256071	0.00433572	34.8816	3.5E-09	33.9916	5.5E-09
rs17825393	6	118772583	1.25404	T	C	0.542746	0.997469	31.58	1.9E-08	-0.0256182	0.00433588	34.9094	3.5E-09	34.0482	5.4E-09
rs11752626	6	118788652	1.25404	G	T	0.541398	0.99741	31.9252	1.6E-08	-0.0257432	0.00433411	35.2797	2.9E-09	34.4325	4.4E-09
rs17825652	6	118788986	1.25404	G	A	0.542781	0.997479	31.3351	2.2E-08	-0.0255138	0.00433527	34.6352	4.0E-09	33.7875	6.1E-09
rs78757409	6	118789259	1.25404	C	T	0.541391	0.997428	31.8706	1.6E-08	-0.0257225	0.00433404	35.2242	2.9E-09	34.381	4.5E-09
rs11965985	6	118789834	1.25405	T	C	0.541356	0.997416	32.2137	1.4E-08	-0.0258587	0.00433436	35.5931	2.4E-09	34.7434	3.8E-09
rs12661338	6	118794690	1.25405	C	A	0.543986	0.996713	31.4727	2.0E-08	-0.0256216	0.00433922	34.8648	3.5E-09	33.94	5.7E-09
rs4307206	6	118813320	1.25407	C	A	0.541378	0.997027	31.7459	1.8E-08	-0.0256819	0.0043353	35.0925	3.1E-09	34.2164	4.9E-09
rs11967375	6	118823975	1.25407	A	G	0.542763	0.997423	31.4298	2.1E-08	-0.0255694	0.00433609	34.7732	3.7E-09	33.9057	5.8E-09
rs11967858	6	118835543	1.2541	C	T	0.5429	0.997802	31.2766	2.2E-08	-0.025494	0.00433581	34.5728	4.1E-09	33.6889	6.5E-09
rs113127380	6	118837268	1.2541	T	C	0.541659	0.998091	31.9143	1.6E-08	-0.0257467	0.00433399	35.2911	2.8E-09	34.4011	4.5E-09
rs111233522	6	118839081	1.2541	C	G	0.541657	0.998191	32.0948	1.5E-08	-0.0258148	0.00433376	35.482	2.6E-09	34.5813	4.1E-09
rs11760114	6	118839487	1.2541	C	T	0.541576	0.998217	31.9661	1.6E-08	-0.0257744	0.00433401	35.3668	2.7E-09	34.4814	4.3E-09
rs11758454	6	118848799	1.2541	A	C	0.546397	0.997477	33.3324	7.8E-09	-0.0263989	0.00433722	37.0468	1.2E-09	36.0868	1.9E-09
rs2356497	6	118876539	1.25412	C	T	0.541823	0.999078	31.9289	1.6E-08	-0.0257637	0.00433286	35.3563	2.7E-09	34.4864	4.3E-09
rs553247802	6	118876588	1.25412	C	CA	0.592639	0.928716	28.7379	8.3E-08	-0.0256051	0.00455508	31.598	1.9E-08	30.1643	4.0E-08
rs72952771	6	118883817	1.25412	C	T	0.542103	0.998809	31.7074	1.8E-08	-0.0256978	0.00433394	35.1583	3.0E-09	34.2952	4.7E-09
rs763254	6	118886615	1.25412	T	C	0.541914	0.999097	31.579	1.9E-08	-0.0256468	0.00433269	35.0389	3.2E-09	34.165	5.1E-09
rs35029749	6	118892120	1.25412	A	C	0.539644	0.998495	30.8504	2.8E-08	-0.0253932	0.00433159	34.3669	4.6E-09	33.4748	7.2E-09
rs72952795	6	118894271	1.25412	G	T	0.53974	0.998789	30.7485	2.9E-08	-0.0253625	0.00433125	34.2894	4.7E-09	33.3906	7.5E-09
rs11968176	6	118900940	1.25412	C	A	0.539729	0.998845	30.6979	3.0E-08	-0.0253436	0.00433125	34.2382	4.9E-09	33.3401	7.7E-09
rs749703442	6	118933064	1.25414	AG	A	0.53923	0.993261	31.2231	2.3E-08	-0.0256187	0.00434288	34.7983	3.7E-09	33.8225	6.0E-09
rs6569024	6	118953374	1.25415	G	A	0.539932	0.996831	30.598	3.2E-08	-0.02533	0.00433664	34.1166	5.2E-09	33.2506	8.1E-09
rs6906287	6	118962740	1.25416	T	C	0.539745	0.996922	30.8858	2.7E-08	-0.0254265	0.00433729	34.3665	4.6E-09	33.4734	7.2E-09
rs11752928	6	118977768	1.25418	C	G	0.540134	0.994087	30.5136	3.3E-08	-0.0252839	0.00434365	33.8829	5.9E-09	33.0861	8.8E-09
6:118978895_GC_G	6	118978895	1.25418	GC	G	0.540276	0.99156	30.0376	4.2E-08	-0.0251413	0.00434903	33.4188	7.4E-09	32.5627	1.2E-08
rs4945623	6	118980556	1.25418	G	C	0.540135	0.994058	30.554	3.2E-08	-0.025298	0.00434368	33.9201	5.7E-09	33.1219	8.7E-09
rs72958930	6	118983681	1.25418	G	C	0.540165	0.993883	30.4576	3.4E-08	-0.0252565	0.0043441	33.8023	6.1E-09	33.0056	9.2E-09
rs17427116	6	118986198	1.25418	G	A	0.539636	0.993898	28.8983	7.6E-08	-0.0246211	0.00434268	32.1439	1.4E-08	31.3741	2.1E-08
rs11153768	6	118988152	1.25418	C	T	0.539683	0.993552	28.915	7.6E-08	-0.0246349	0.00434309	32.174	1.4E-08	31.4021	2.1E-08
rs10872167	6	118988362	1.25418	A	G	0.53966	0.99358	28.8723	7.7E-08	-0.0246182	0.004343	32.1317	1.4E-08	31.3608	2.1E-08
rs11756438	6	118993632	1.25423	C	A	0.525796	0.988863	28.7633	8.2E-08	-0.0241397	0.00433508	31.0077	2.6E-08	30.6835	3.0E-08
rs11756440	6	118993642	1.25423	C	A	0.525945	0.988521	28.4374	9.7E-08	-0.0240171	0.00433557	30.6867	3.0E-08	30.3897	3.5E-08
rs55892056	6	118995297	1.25424	C	T	0.546246	0.991251	28.0887	1.2E-07	-0.024183	0.00434634	30.9579	2.6E-08	30.6235	3.1E-08
rs2638550	6	118998481	1.25426	C	G	0.560351	0.999929	27.9508	1.2E-07	-0.0239022	0.00433511	30.4002	3.5E-08	29.8246	4.7E-08
rs2638551	6	118998756	1.25426	T	C	0.560363	0.999871	27.9877	1.2E-07	-0.0239185	0.00433523	30.4399	3.4E-08	29.8604	4.6E-08
rs2638552	6	118999412	1.25426	C	T	0.560341	0.999898	27.9901	1.2E-07	-0.0239187	0.00433523	30.4403	3.4E-08	29.8651	4.6E-08
rs9489497	6	118999636	1.25426	T	C	0.560347	1	27.8181	1.3E-07	-0.0238567	0.00433497	30.2864	3.7E-08	29.7052	5.0E-08
rs2638545	6	119000203	1.25426	G	C	0.560351	0.999924	27.9492	1.2E-07	-0.0239016	0.00433512	30.3985	3.5E-08	29.8226	4.7E-08
rs902779	6	119000593	1.25426	T	G	0.56035	0.999915	27.95	1.2E-07	-0.0239019	0.00433512	30.3991	3.5E-08	29.8236	4.7E-08
rs35446162	6	119001585	1.25426	A	ACC	0.560217	0.999143	28.0972	1.2E-07	-0.0239674	0.00433673	30.5434	3.3E-08	29.9591	4.4E-08
rs1343287	6	119001805	1.25426	T	C	0.560344	0.999898	27.9767	1.2E-07	-0.0239152	0.00433519	30.4321	3.5E-08	29.8535	4.7E-08
rs760449872	6	119001872	1.25426	TC	T	0.608589	0.97424	29.2805	6.3E-08	-0.025091	0.00445168	31.7678	1.7E-08	31.4616	2.0E-08
rs114681657	6	119001875	1.25426	A	T	0.599828	0.995228	28.8217	7.9E-08	-0.0245254	0.00439027	31.2068	2.3E-08	30.8313	2.8E-08
rs2638544	6	119001978	1.25426	G	A	0.560345	0.999895	27.9767	1.2E-07	-0.0239152	0.00433519	30.432	3.5E-08	29.8534	4.7E-08
rs1844964	6	119002528	1.25426	C	T	0.560335	0.999865	28.016	1.2E-07	-0.0239316	0.00433531	30.4722	3.4E-08	29.8941	4.6E-08
rs17349329	6	119002644	1.25426	T	G	0.599522	0.996494	28.6198	8.8E-08	-0.0244393	0.00438669	31.0387	2.5E-08	30.6814	3.0E-08
rs1844963	6	119002679	1.25426	C	G	0.560335	0.999865	28.016	1.2E-07	-0.0239316	0.00433531	30.4722	3.4E-08	29.8941	4.6E-08
rs2638541	6	119003743	1.25426	A	T	0.560344	0.999898	27.9767	1.2E-07	-0.0239152	0.00433519	30.4321	3.5E-08	29.8535	4.7E-08
rs2798326	6	119005226	1.25426	C	T	0.560328	0.999874	27.9349	1.3E-07	-0.0239054	0.00433531	30.4053	3.5E-08	29.8186	4.7E-08
rs2798327	6	119005353	1.25426	C	T	0.560327	0.99987	27.936	1.3E-07	-0.0239059	0.00433532	30.4066	3.5E-08	29.8199	4.7E-08
rs2798328	6	119005378	1.25426	C	T	0.560327	0.99987	27.936	1.3E-07	-0.0239059	0.00433532	30.4066	3.5E-08	29.8199	4.7E-08
rs11754023	6	119005785	1.25426	T	C	0.599544	0.995937	28.4934	9.4E-08	-0.0244046	0.0043879	30.9335	2.7E-08	30.561	3.2E-08
6:119006511_CATT_C	6	119006511	1.25427	CATT	C	0.558754	0.993995	27.9177	1.3E-07	-0.0239783	0.00434842	30.407	3.5E-08	29.8046	4.8E-08
rs6937176	6	119007308	1.25427	A	G	0.599537	0.994945	28.4102	9.8E-08	-0.0243598	0.00438856	30.8107	2.8E-08	30.4203	3.5E-08
rs72962906	6	119008305	1.25427	C	T	0.599522	0.995106	28.4539	9.6E-08	-0.0243776	0.00438853	30.8564	2.8E-08	30.4673	3.4E-08
rs60497831	6	119009327	1.25427	G	A	0.599532	0.995118	28.4134	9.8E-08	-0.024361	0.00438843	30.8157	2.8E-08	30.4259	3.5E-08
rs6911599	6	119009913	1.25427	A	G	0.484745	0.997438	30.5649	3.2E-08	0.0247755	0.00431554	32.9591	9.4E-09	32.2273	1.4E-08
rs56344535	6	119011263	1.25427	T	C	0.620677	0.994365	28.4858	9.4E-08	-0.0249083	0.00443532	31.5381	2.0E-08	31.1272	2.4E-08
rs72962938	6	119016221	1.25427	T	C	0.620742	0.993448	28.1268	1.1E-07	-0.0247742	0.00443684	31.1782	2.4E-08	30.7679	2.9E-08
rs4945624	6	119017155	1.25427	G	T	0.62109	0.992069	28.287	1.0E-07	-0.0248514	0.00443924	31.3389	2.2E-08	30.921	2.7E-08
rs4027595	6	119017504	1.25427	T	C	0.599476	0.99244	27.9375	1.3E-07	-0.0241887	0.00439191	30.3331	3.6E-08	29.9427	4.5E-08
rs1771757	6	119017844	1.25427	T	G	0.563883	0.991475	28.2134	1.1E-07	-0.0240971	0.00435288	30.6461	3.1E-08	30.1046	4.1E-08
rs57237379	6	119018319	1.25427	G	A	0.599683	0.99151	27.7808	1.4E-07	-0.0241363	0.00439494	30.1604	4.0E-08	29.755	4.9E-08
rs4946356	6	119020195	1.2543	G	A	0.577152	0.986205	29.7485	4.9E-08	-0.0247975	0.0043762	32.1086	1.5E-08	31.6696	1.8E-08
rs2046951	6	119021888	1.25431	T	C	0.5773	0.98423	29.4199	5.8E-08	-0.0247019	0.00438094	31.7925	1.7E-08	31.3727	2.1E-08
rs17825844	6	119025167	1.25433	G	A	0.621336	0.9797	28.1919	1.1E-07	-0.0249941	0.0044657	31.3254	2.2E-08	30.8978	2.7E-08
rs7746210	6	119027325	1.25434	A	G	0.620994	0.978247	28.5135	9.3E-08	-0.0251427	0.00446795	31.6669	1.8E-08	31.2338	2.3E-08
rs10261575	7	11225216	0.204864	T	C	0.815607	0.988122	38.2686	6.2E-10	-0.0336475	0.00556196	36.5974	1.5E-09	36.976	1.2E-09
rs12540248	7	11225713	0.204898	A	T	0.798829	0.988733	34.4716	4.3E-09	-0.0309706	0.00538427	33.086	8.8E-09	33.0507	9.0E-09
rs79040801	8	87563745	1.07362	T	C	0.999866	0.912657	34.8516	3.6E-09	-1.28857	0.215168	35.8641	2.1E-09	34.6735	3.9E-09
rs6488162	12	33593127	0.545896	T	C	0.44392	0.985576	32.4245	1.2E-08	-0.0249685	0.00439457	32.2813	1.3E-08	31.0757	2.5E-08
rs1482993	12	33594515	0.545902	G	A	0.46936	0.99681	34.9569	3.4E-09	-0.0257116	0.00434948	34.9449	3.4E-09	33.8814	5.9E-09
12:33598072_AC_A	12	33598072	0.545913	AC	A	0.469002	0.996009	35.6318	2.4E-09	-0.0259885	0.00435164	35.6661	2.3E-09	34.6702	3.9E-09
rs10634366	12	33598379	0.545914	C	CATT	0.46887	0.994926	35.2984	2.8E-09	-0.0258428	0.00435323	35.2417	2.9E-09	34.2261	4.9E-09
rs1351683	12	33598563	0.545915	G	A	0.469353	0.997645	35.3564	2.7E-09	-0.0258418	0.00434694	35.3411	2.8E-09	34.2589	4.8E-09
rs1351682	12	33598775	0.545915	G	A	0.469575	0.997543	35.4778	2.6E-09	-0.0259152	0.00434782	35.5275	2.5E-09	34.4776	4.3E-09
rs4931719	12	33602986	0.545917	G	A	0.47091	0.996997	34.9382	3.4E-09	-0.0257856	0.00434844	35.1632	3.0E-09	34.0733	5.3E-09
rs10844611	12	33603544	0.545917	T	C	0.470881	0.996966	35.035	3.2E-09	-0.0258477	0.0043493	35.3186	2.8E-09	34.2697	4.8E-09
rs10844612	12	33603676	0.545918	T	C	0.470597	0.997023	34.6585	3.9E-09	-0.025673	0.0043485	34.8556	3.6E-09	33.7792	6.2E-09
rs369941489	12	33603813	0.545918	T	TA	0.473711	0.988325	35.6136	2.4E-09	-0.0261086	0.00436285	35.8119	2.2E-09	34.7921	3.7E-09
rs10844613	12	33605362	0.545918	A	G	0.466737	0.985751	33.6225	6.7E-09	-0.0254196	0.00437692	33.7287	6.3E-09	32.774	1.0E-08
rs10844614	12	33605702	0.545919	A	C	0.465825	0.991056	33.178	8.4E-09	-0.0251387	0.00436568	33.1576	8.5E-09	32.2303	1.4E-08
rs1601007	12	33609675	0.545921	G	C	0.470037	0.992769	35.3407	2.8E-09	-0.0260545	0.00435999	35.7105	2.3E-09	34.6485	3.9E-09
rs57768359	12	33610918	0.545921	A	AGATAAAATGAAAGG	0.475229	0.979231	35.465	2.6E-09	-0.0261694	0.00438474	35.6205	2.4E-09	34.5958	4.1E-09
rs1601008	12	33611352	0.545921	A	G	0.469849	0.993438	35.3546	2.7E-09	-0.0260484	0.00435844	35.7191	2.3E-09	34.6536	3.9E-09
rs1842885	12	33613317	0.545922	A	G	0.469849	0.993422	35.3701	2.7E-09	-0.0260544	0.00435847	35.7352	2.3E-09	34.6695	3.9E-09
rs1482987	12	33614283	0.545923	G	C	0.469984	0.993366	35.3781	2.7E-09	-0.0260582	0.00435847	35.7455	2.2E-09	34.6807	3.9E-09
rs1447873	12	33615236	0.545923	A	G	0.470982	0.997071	35.0488	3.2E-09	-0.025852	0.00434894	35.3364	2.8E-09	34.2947	4.7E-09
rs1580396	12	33615841	0.545924	C	A	0.47124	0.996886	34.8035	3.6E-09	-0.0257771	0.00435003	35.1144	3.1E-09	34.0277	5.4E-09
rs2200156	12	33618048	0.545925	C	A	0.470881	0.996635	35.0604	3.2E-09	-0.0258606	0.00434994	35.3436	2.8E-09	34.301	4.7E-09
rs1384598	12	33622899	0.545929	T	A	0.470907	0.99674	35.1627	3.0E-09	-0.0258981	0.00434957	35.4522	2.6E-09	34.4047	4.5E-09
rs10161311	12	33623204	0.545929	G	A	0.470664	0.996826	34.9956	3.3E-09	-0.0258083	0.00434889	35.2178	2.9E-09	34.1384	5.1E-09
rs10161491	12	33623806	0.54593	T	C	0.47088	0.996921	35.12	3.1E-09	-0.0258583	0.00434908	35.3513	2.8E-09	34.2727	4.8E-09
rs1384599	12	33624579	0.54593	G	A	0.470801	0.99707	35.0105	3.3E-09	-0.0258126	0.00434839	35.2377	2.9E-09	34.1597	5.1E-09
rs10844618	12	33625010	0.545931	A	G	0.470988	0.996763	35.1378	3.1E-09	-0.02589	0.00434954	35.4305	2.6E-09	34.3839	4.5E-09
rs12319055	12	33626509	0.545933	C	T	0.471131	0.996574	34.8915	3.5E-09	-0.025799	0.00434983	35.1771	3.0E-09	34.1187	5.2E-09
rs11052722	12	33626530	0.545933	G	A	0.491191	0.996265	32.7997	1.0E-08	-0.0248176	0.00433528	32.7706	1.0E-08	31.5956	1.9E-08
rs1601006	12	33629519	0.545936	C	T	0.471387	0.993976	35.2881	2.8E-09	-0.0259711	0.00435501	35.5634	2.5E-09	34.4475	4.4E-09
12:33631665_GA_G	12	33631665	0.545944	GA	G	0.472081	0.991074	34.5515	4.2E-09	-0.0257376	0.00436319	34.7959	3.7E-09	33.7175	6.4E-09
rs61927702	12	33631695	0.545944	A	G	0.471598	0.994942	35.5015	2.5E-09	-0.0260615	0.00435385	35.8304	2.2E-09	34.7619	3.7E-09
rs7303356	12	33633599	0.545951	G	C	0.491015	0.997021	32.9676	9.4E-09	-0.0248804	0.00433442	32.9499	9.5E-09	31.7799	1.7E-08
rs1601005	12	33634658	0.545954	A	G	0.470944	0.99735	35.586	2.4E-09	-0.0260568	0.00434853	35.9051	2.1E-09	34.8527	3.6E-09
rs7138529	12	33634855	0.545955	T	C	0.470666	0.99736	35.4664	2.6E-09	-0.0259851	0.0043479	35.7181	2.3E-09	34.6288	4.0E-09
rs10437795	12	33635336	0.545958	C	G	0.470736	0.99759	35.4083	2.7E-09	-0.0259707	0.00434737	35.6874	2.3E-09	34.5961	4.1E-09
rs7311794	12	33635630	0.54596	C	T	0.471019	0.997578	35.5519	2.5E-09	-0.0260476	0.00434757	35.8957	2.1E-09	34.8367	3.6E-09
rs1839061	12	33646586	0.545978	C	A	0.464524	0.999003	37.1837	1.1E-09	-0.0267071	0.00435078	37.6805	8.3E-10	36.512	1.5E-09
rs1839062	12	33646892	0.545978	G	A	0.464508	0.998869	37.2117	1.1E-09	-0.026718	0.00435102	37.7075	8.2E-10	36.541	1.5E-09
rs2389214	12	33647406	0.545978	C	A	0.464494	0.999053	37.159	1.1E-09	-0.026697	0.00435054	37.6564	8.4E-10	36.4876	1.5E-09
rs4348988	12	33647529	0.545978	A	T	0.464494	0.999072	37.1589	1.1E-09	-0.026697	0.00435055	37.6562	8.4E-10	36.4875	1.5E-09
rs2200159	12	33648544	0.545979	G	C	0.464645	0.9991	37.4117	9.6E-10	-0.0267846	0.00435028	37.9086	7.4E-10	36.7467	1.3E-09
rs2220059	12	33648630	0.545979	C	T	0.464641	0.999116	37.4271	9.5E-10	-0.0267896	0.00435024	37.9232	7.4E-10	36.7603	1.3E-09
rs11535974	12	33649029	0.545979	A	G	0.464675	0.999146	37.5483	8.9E-10	-0.0268291	0.00434979	38.043	6.9E-10	36.8757	1.3E-09
rs11559754	12	33649229	0.545979	G	A	0.464635	0.999091	37.4449	9.4E-10	-0.0267957	0.00435028	37.9398	7.3E-10	36.7784	1.3E-09
rs2389215	12	33649457	0.545979	C	T	0.464636	0.999096	37.4417	9.4E-10	-0.0267945	0.00435027	37.9365	7.3E-10	36.7751	1.3E-09
rs2220060	12	33650463	0.545979	G	A	0.46452	0.999031	37.264	1.0E-09	-0.0267316	0.00435014	37.7609	8.0E-10	36.5876	1.5E-09
rs11052731	12	33651637	0.54598	G	A	0.464746	0.998909	37.5656	8.8E-10	-0.0268384	0.00435034	38.0597	6.9E-10	36.8955	1.2E-09
rs7972688	12	33653477	0.545981	T	C	0.464393	0.999146	37.6135	8.6E-10	-0.0268265	0.00434908	38.0482	6.9E-10	36.8393	1.3E-09
rs746639169	12	33654263	0.545981	CCTTT	C	0.465046	0.997606	37.4603	9.3E-10	-0.0268104	0.00435219	37.9481	7.3E-10	36.7726	1.3E-09
rs756950281	12	33654438	0.545981	TTTAA	T	0.462438	0.995321	36.5317	1.5E-09	-0.0265444	0.00435874	37.0871	1.1E-09	35.9739	2.0E-09
12:33654815_CA_C	12	33654815	0.545981	CA	C	0.465665	0.990204	37.1155	1.1E-09	-0.0267433	0.00436679	37.5064	9.1E-10	36.2326	1.8E-09
rs7965096	12	33655082	0.545981	A	G	0.464608	0.998727	37.3271	1.0E-09	-0.0267493	0.00435045	37.8058	7.8E-10	36.6438	1.4E-09
rs2084391	12	33655419	0.545982	C	T	0.464629	0.998853	37.6039	8.7E-10	-0.0268535	0.00435046	38.1006	6.7E-10	36.9317	1.2E-09
rs11052732	12	33657801	0.545985	A	G	0.464004	0.998895	37.4455	9.4E-10	-0.0267746	0.00434984	37.8877	7.5E-10	36.6533	1.4E-09
rs10772088	12	33663849	0.545998	A	T	0.46463	0.999565	37.1617	1.1E-09	-0.0266521	0.0043471	37.5893	8.7E-10	36.3978	1.6E-09
rs11052736	12	33669583	0.546001	T	C	0.535287	1	36.8908	1.2E-09	0.0265271	0.00434563	37.2627	1.0E-09	36.0983	1.9E-09
rs138585668	12	33677966	0.54601	T	C	0.535273	0.998807	36.9384	1.2E-09	0.026586	0.00434889	37.3723	9.8E-10	36.1744	1.8E-09
rs763086362	12	33680233	0.546013	CA	C	0.535257	0.998487	36.8291	1.3E-09	0.0265092	0.00434788	37.174	1.1E-09	35.9849	2.0E-09
rs2389218	12	33680929	0.546014	C	A	0.535447	0.999118	37.0102	1.2E-09	0.0266006	0.00434829	37.4238	9.5E-10	36.2133	1.8E-09
rs1994135	12	33682405	0.546016	T	C	0.515206	0.997936	34.0833	5.3E-09	0.0253208	0.0043335	34.1411	5.1E-09	32.8305	1.0E-08
rs12819439	12	33684509	0.546019	A	C	0.535634	0.99862	36.8068	1.3E-09	0.0265242	0.00434928	37.192	1.1E-09	35.9777	2.0E-09
rs12820541	12	33684754	0.54602	G	A	0.53554	0.9986	36.5981	1.5E-09	0.0264316	0.00434832	36.9491	1.2E-09	35.7363	2.3E-09
rs1601003	12	33689436	0.546028	A	T	0.535291	0.998206	36.8919	1.2E-09	0.02654	0.00434918	37.238	1.0E-09	36.031	1.9E-09
rs1482983	12	33690326	0.546038	A	C	0.535498	0.997755	36.9051	1.2E-09	0.0265652	0.00435098	37.2781	1.0E-09	36.0756	1.9E-09
rs708143	12	33719962	0.546097	A	C	0.458349	0.997248	31.0583	2.5E-08	0.0243786	0.00434906	31.4216	2.1E-08	30.7034	3.0E-08
rs815044	12	33722209	0.546099	A	G	0.442384	0.980844	30.3959	3.5E-08	0.0243544	0.00439799	30.6652	3.1E-08	29.9733	4.4E-08
rs2035659	12	33826241	0.546412	T	C	0.426903	0.991105	31.1107	2.4E-08	0.02486	0.00439392	32.0108	1.5E-08	31.5565	1.9E-08
rs2848907	18	34185248	0.563818	A	G	0.739448	0.96307	30.4673	3.4E-08	-0.0276283	0.00499393	30.6072	3.2E-08	31.143	2.4E-08
rs2644257	18	34213453	0.563886	A	G	0.738426	0.985526	29.4654	5.7E-08	-0.0268153	0.00493714	29.4995	5.6E-08	30.5001	3.3E-08
rs2848919	18	34217777	0.563903	C	T	0.791484	0.984704	29.8596	4.6E-08	-0.0289691	0.00532446	29.6018	5.3E-08	30.2429	3.8E-08
rs2848918	18	34219126	0.563942	T	G	0.736408	1	29.6473	5.2E-08	-0.0266343	0.00489712	29.5802	5.4E-08	30.5303	3.3E-08
rs2848917	18	34219235	0.563945	T	C	0.697786	0.979374	29.7861	4.8E-08	-0.0260567	0.00474062	30.2111	3.9E-08	31.2156	2.3E-08
rs2644261	18	34220491	0.563967	T	C	0.687109	0.991035	31.3752	2.1E-08	-0.0260769	0.00466959	31.1857	2.3E-08	32.209	1.4E-08
rs2644262	18	34223566	0.563975	T	C	0.73067	0.991007	33.6301	6.7E-09	-0.0282076	0.0048794	33.4195	7.4E-09	34.673	3.9E-09
rs150696888	18	34225137	0.563979	G	GCTCATGCCTGTAATCCCAGGA	0.738364	0.98497	29.3652	6.0E-08	-0.0266808	0.00493219	29.263	6.3E-08	29.9011	4.5E-08
rs34457458	18	34226233	0.563981	T	TTA	0.712187	0.983503	30.3255	3.7E-08	-0.026586	0.0047989	30.6918	3.0E-08	31.2736	2.2E-08
rs2848923	18	34226301	0.563981	G	A	0.712162	0.987888	32.1107	1.5E-08	-0.0272343	0.00478633	32.3763	1.3E-08	32.7995	1.0E-08
18:34227482_CCAT_C	18	34227482	0.563984	CCAT	C	0.77647	0.984192	31.8101	1.7E-08	-0.0292527	0.00520985	31.527	2.0E-08	32.3394	1.3E-08
rs2957176	18	34229559	0.563988	C	T	0.778177	0.987689	34.4047	4.5E-09	-0.0303321	0.00521047	33.8885	5.8E-09	34.6369	4.0E-09
rs2644263	18	34229638	0.563988	C	A	0.778169	0.987661	34.4338	4.4E-09	-0.0303488	0.00521056	33.9247	5.7E-09	34.6753	3.9E-09
rs2644266	18	34231270	0.564008	A	G	0.741561	0.990017	31.1079	2.4E-08	-0.0270967	0.00493897	30.0996	4.1E-08	31.5375	2.0E-08
rs2848901	18	34232610	0.564022	C	T	0.719775	0.989527	32.8338	1.0E-08	-0.0273883	0.0048217	32.2649	1.3E-08	33.7164	6.4E-09
rs1893433	18	34232952	0.564028	T	C	0.718681	0.989997	33.6267	6.7E-09	-0.0277159	0.00481331	33.1565	8.5E-09	34.5135	4.2E-09
rs1495900	18	34235656	0.564051	A	G	0.742902	0.991887	34.8085	3.6E-09	-0.029215	0.00494172	34.9508	3.4E-09	35.8219	2.2E-09
18:34235735_CAA_C	18	34235735	0.564051	CAA	C	0.750033	0.975618	36.6052	1.4E-09	-0.0302312	0.00503018	36.1197	1.9E-09	37.1259	1.1E-09
rs2644267	18	34236026	0.564052	G	A	0.743332	0.991705	34.5155	4.2E-09	-0.0291089	0.00494594	34.6381	4.0E-09	35.4435	2.6E-09
rs2644268	18	34240401	0.564074	G	C	0.741349	0.993166	31.0721	2.5E-08	-0.0271353	0.0049302	30.2928	3.7E-08	31.6816	1.8E-08
rs499715	18	34243902	0.564133	T	G	0.260758	0.995899	35.1608	3.0E-09	0.0287197	0.00490875	34.231	4.9E-09	35.9111	2.1E-09
rs499906	18	34243972	0.564135	G	T	0.305069	1	33.4421	7.3E-09	0.026952	0.00468463	33.1002	8.8E-09	34.4854	4.3E-09
rs501740	18	34244174	0.564139	G	T	0.263269	0.993023	34.3126	4.7E-09	0.0282918	0.00490069	33.3278	7.8E-09	35.0065	3.3E-09
rs617207	18	34244842	0.564148	A	G	0.28002	0.990323	35.7013	2.3E-09	0.0285294	0.00479916	35.3392	2.8E-09	36.263	1.7E-09
rs657171	18	34253625	0.564213	T	C	0.281079	0.985735	34.1918	5.0E-09	0.027971	0.00480296	33.9155	5.8E-09	34.8572	3.5E-09
rs503274	18	34253745	0.564214	C	T	0.301809	0.985619	35.2954	2.8E-09	0.027836	0.00470686	34.9746	3.3E-09	36.4322	1.6E-09
rs61735998	18	34289285	0.564341	G	T	0.976032	1	33.3206	7.8E-09	-0.0797322	0.0141384	31.8031	1.7E-08	33.265	8.0E-09
