rs3791679	2	56096892	0.832493	A	G	0.771652	1	6.30295	1.2E-02	-0.00911259	0.00355543	6.56899	1.0E-02	6.62988	1.0E-02
rs59985551	2	56106928	0.832517	C	T	0.772569	0.998291	6.79474	9.1E-03	-0.00950049	0.00356007	7.12158	7.6E-03	7.17043	7.4E-03
rs1173771	5	32815028	0.512395	A	G	0.392422	1	4.89392	2.7E-02	-0.00673833	0.00304409	4.89993	2.7E-02	4.86638	2.7E-02
rs9292468	5	32819073	0.512407	T	C	0.393799	0.997173	5.2567	2.2E-02	-0.00693892	0.00304461	5.19422	2.3E-02	5.17595	2.3E-02
rs2193951	5	32820552	0.51241	T	G	0.393138	0.996769	5.05127	2.5E-02	-0.00679434	0.00304624	4.9747	2.6E-02	4.95073	2.6E-02
rs2193950	5	32820553	0.51241	T	C	0.393134	0.996788	5.05092	2.5E-02	-0.00679402	0.00304622	4.9743	2.6E-02	4.95033	2.6E-02
rs1177764	5	32829975	0.512442	C	G	0.395921	0.998912	4.65652	3.1E-02	-0.00653402	0.0030421	4.61332	3.2E-02	4.58961	3.2E-02
rs1173727	5	32830521	0.512447	T	C	0.395833	1	4.81816	2.8E-02	-0.00665589	0.00304152	4.78886	2.9E-02	4.76523	2.9E-02
rs13154066	5	32831670	0.512468	T	C	0.397711	0.996868	4.98903	2.6E-02	-0.00670267	0.00304089	4.8584	2.8E-02	4.84914	2.8E-02
rs12656497	5	32831939	0.512473	T	C	0.397932	0.996299	5.20917	2.2E-02	-0.00683379	0.0030407	5.051	2.5E-02	5.04229	2.5E-02
rs10059884	5	32832474	0.512473	C	A	0.398149	0.996303	5.04263	2.5E-02	-0.00672905	0.00304014	4.89915	2.7E-02	4.89134	2.7E-02
rs42044	7	92250140	1.08419	T	G	0.730107	0.998139	7.19722	7.3E-03	0.0092414	0.00338708	7.44432	6.4E-03	7.52303	6.1E-03
rs10953072	7	92256339	1.0842	A	C	0.730497	0.997796	6.87067	8.8E-03	0.00896614	0.00338744	7.00597	8.1E-03	7.08965	7.8E-03
rs11767704	7	92256375	1.0842	C	T	0.733354	0.99789	6.22982	1.3E-02	0.00860995	0.00340052	6.41077	1.1E-02	6.49694	1.1E-02
rs12531820	7	92257392	1.0842	A	G	0.72942	0.998026	7.47989	6.2E-03	0.0092984	0.00337967	7.5695	5.9E-03	7.66498	5.6E-03
rs35489511	7	92257602	1.0842	G	GA	0.729018	0.995966	7.48592	6.2E-03	0.00931834	0.00337988	7.60108	5.8E-03	7.69214	5.5E-03
rs548746162	7	92263789	1.08421	C	CT	0.73169	0.983774	8.01581	4.6E-03	0.00970608	0.00341469	8.0795	4.5E-03	8.169	4.3E-03
rs2282979	7	92264993	1.08421	T	C	0.731567	0.998603	7.33261	6.8E-03	0.00922718	0.00338741	7.41997	6.5E-03	7.51066	6.1E-03
rs66939011	7	92265798	1.08421	T	C	0.729783	0.998422	7.32791	6.8E-03	0.00920976	0.00338116	7.41935	6.5E-03	7.50446	6.2E-03
