rs2275950	1	26385003	0.494832	T	C	0.79072	1	7.17823	7.4E-03	-0.0271268	0.00989882	7.50983	6.1E-03	7.52507	6.1E-03
rs9489327	6	118561889	1.25335	T	C	0.511426	0.99491	2.51532	1.1E-01	-0.0131785	0.00810132	2.64619	1.0E-01	2.63572	1.0E-01
rs283077	6	118569679	1.25336	T	G	0.501534	0.997891	2.68868	1.0E-01	-0.0135692	0.00805974	2.83444	9.2E-02	2.82423	9.3E-02
rs542453036	6	118580806	1.25338	G	GA	0.534744	0.996748	4.21736	4.0E-02	-0.0169853	0.00812328	4.37206	3.7E-02	4.35001	3.7E-02
rs731695	6	118588490	1.25338	T	C	0.535079	0.99738	3.90993	4.8E-02	-0.0163617	0.0081185	4.06166	4.4E-02	4.04181	4.4E-02
rs72965660	6	118594621	1.2534	A	G	0.535133	0.995676	3.99687	4.6E-02	-0.0165382	0.008124	4.14415	4.2E-02	4.12408	4.2E-02
rs7452622	6	118598297	1.25342	A	C	0.536816	0.994856	4.46388	3.5E-02	-0.017445	0.0081255	4.60935	3.2E-02	4.59203	3.2E-02
rs11758375	6	118603770	1.25342	T	C	0.536705	0.994377	4.60472	3.2E-02	-0.0177334	0.00812878	4.75921	2.9E-02	4.74125	2.9E-02
rs6927800	6	118604122	1.25342	C	G	0.536666	0.9944	4.64049	3.1E-02	-0.0177971	0.00812772	4.79468	2.9E-02	4.77679	2.9E-02
rs2065021	6	118613298	1.25345	T	A	0.534861	0.987484	5.1737	2.3E-02	-0.0187218	0.008142	5.28727	2.1E-02	5.26689	2.2E-02
rs4294041	6	118618638	1.25347	A	G	0.572569	0.991667	7.054	7.9E-03	-0.0219445	0.00818846	7.18199	7.4E-03	7.1703	7.4E-03
6:118627371_CT_C	6	118627371	1.25348	CT	C	0.528612	0.988014	8.13026	4.4E-03	-0.0234869	0.00814619	8.31275	3.9E-03	8.29692	4.0E-03
rs6940985	6	118627504	1.25348	T	G	0.529311	0.990452	8.13163	4.3E-03	-0.0234533	0.00814191	8.29766	4.0E-03	8.27708	4.0E-03
rs11968293	6	118634698	1.2535	A	C	0.500067	0.989803	10.729	1.1E-03	-0.0270005	0.00814103	10.9998	9.1E-04	10.9845	9.2E-04
rs1572226	6	118635079	1.25351	C	G	0.50016	0.989848	10.7608	1.0E-03	-0.0270335	0.00813962	11.0305	9.0E-04	11.0158	9.0E-04
rs381999	6	118636793	1.25354	G	A	0.333602	0.978303	7.23394	7.2E-03	-0.0235975	0.00864746	7.44656	6.4E-03	7.47881	6.2E-03
rs72967533	6	118655020	1.25357	T	C	0.524914	0.99168	8.8001	3.0E-03	-0.0244733	0.00813581	9.04869	2.6E-03	9.03391	2.7E-03
rs4945621	6	118658256	1.25359	T	G	0.373327	0.989956	6.14823	1.3E-02	-0.0211197	0.00841117	6.30467	1.2E-02	6.32992	1.2E-02
rs11153730	6	118667522	1.25372	T	C	0.515844	1	9.28022	2.3E-03	-0.024908	0.00808102	9.50047	2.1E-03	9.48521	2.1E-03
rs937277	6	118673075	1.25373	G	T	0.36406	0.996866	6.61618	1.0E-02	-0.0218366	0.00841255	6.73773	9.4E-03	6.76385	9.3E-03
rs1761631	6	118676884	1.25374	A	T	0.364071	0.996512	6.61802	1.0E-02	-0.0218429	0.00841371	6.73975	9.4E-03	6.76577	9.3E-03
rs3047902	6	118677561	1.25377	A	ATTAG	0.363945	0.992317	6.78292	9.2E-03	-0.0221913	0.00843558	6.92049	8.5E-03	6.94614	8.4E-03
rs1743241	6	118679974	1.25386	G	A	0.444733	0.991577	11.514	6.9E-04	-0.0278567	0.00813079	11.738	6.1E-04	11.6897	6.3E-04
rs1690673	6	118680281	1.25387	C	G	0.310399	0.992536	8.88721	2.9E-03	-0.0261282	0.00873773	8.94171	2.8E-03	8.94916	2.8E-03
rs11970286	6	118680374	1.25388	C	T	0.552648	1	11.6953	6.3E-04	-0.0278688	0.00810386	11.8264	5.8E-04	11.7866	6.0E-04
rs6569013	6	118681328	1.25389	G	T	0.570036	0.997433	11.0274	9.0E-04	0.0273333	0.00816004	11.2202	8.1E-04	11.1827	8.3E-04
rs9374728	6	118682621	1.25389	A	G	0.567621	0.997897	11.7403	6.1E-04	0.0282017	0.008165	11.93	5.5E-04	11.8929	5.6E-04
rs9489355	6	118685314	1.2539	A	G	0.43355	0.999656	12.3343	4.4E-04	-0.0287755	0.00815215	12.4595	4.2E-04	12.4248	4.2E-04
rs9320648	6	118690014	1.2539	A	C	0.433553	0.999684	12.347	4.4E-04	-0.0287889	0.00815199	12.4716	4.1E-04	12.4369	4.2E-04
rs7764272	6	118692498	1.25391	A	C	0.433527	0.999325	12.4303	4.2E-04	-0.0288883	0.00815286	12.5552	4.0E-04	12.5211	4.0E-04
rs7764280	6	118692514	1.25391	A	G	0.433493	0.999346	12.348	4.4E-04	-0.0287916	0.00815267	12.4718	4.1E-04	12.4378	4.2E-04
rs7453914	6	118692981	1.25391	A	T	0.433464	0.998865	12.3713	4.4E-04	-0.0288204	0.00815436	12.4917	4.1E-04	12.458	4.2E-04
rs9320649	6	118693665	1.25392	G	A	0.433416	0.998366	12.4409	4.2E-04	-0.0289008	0.00815606	12.5562	3.9E-04	12.5224	4.0E-04
rs57912492	6	118702621	1.25397	C	T	0.58181	0.993766	10.307	1.3E-03	-0.0263492	0.00820181	10.3209	1.3E-03	10.2852	1.3E-03
rs56403768	6	118703534	1.25398	T	C	0.58188	0.992526	10.3077	1.3E-03	-0.026363	0.00820612	10.3208	1.3E-03	10.2869	1.3E-03
rs2078079	6	118705213	1.254	G	A	0.466829	0.993945	10.4223	1.2E-03	-0.0261039	0.00810148	10.382	1.3E-03	10.3619	1.3E-03
rs2078383	6	118706643	1.25401	C	T	0.556876	0.993945	10.9935	9.1E-04	-0.0272134	0.00814715	11.1571	8.4E-04	11.1126	8.6E-04
rs375396927	6	118714230	1.25404	C	CAA	0.556032	0.99585	10.3754	1.3E-03	-0.0263721	0.00813516	10.5089	1.2E-03	10.4684	1.2E-03
rs17226667	6	118721628	1.25404	A	G	0.552533	0.996808	10.7671	1.0E-03	-0.0269722	0.00814922	10.9547	9.3E-04	10.9175	9.5E-04
rs17227124	6	118741382	1.25404	T	C	0.552046	0.997446	11.0529	8.9E-04	-0.0272411	0.0081398	11.2001	8.2E-04	11.1637	8.3E-04
rs56399949	6	118756988	1.25404	A	G	0.552803	0.997365	10.3256	1.3E-03	-0.0264032	0.00814631	10.5049	1.2E-03	10.4701	1.2E-03
rs17825393	6	118772583	1.25404	T	C	0.552831	0.997469	10.3192	1.3E-03	-0.0263643	0.00814609	10.4745	1.2E-03	10.4413	1.2E-03
rs11752626	6	118788652	1.25404	G	T	0.551381	0.99741	10.9985	9.1E-04	-0.0272579	0.00814715	11.1937	8.2E-04	11.1559	8.4E-04
rs17825652	6	118788986	1.25404	G	A	0.552772	0.997479	10.297	1.3E-03	-0.026346	0.00814481	10.4633	1.2E-03	10.4295	1.2E-03
rs78757409	6	118789259	1.25404	C	T	0.551354	0.997428	10.9267	9.5E-04	-0.0271703	0.00814691	11.1225	8.5E-04	11.0849	8.7E-04
rs11965985	6	118789834	1.25405	T	C	0.551365	0.997416	10.9191	9.5E-04	-0.0271612	0.00814697	11.1149	8.6E-04	11.0773	8.7E-04
rs12661338	6	118794690	1.25405	C	A	0.553913	0.996713	9.9442	1.6E-03	-0.0259667	0.00815655	10.1349	1.5E-03	10.0987	1.5E-03
rs4307206	6	118813320	1.25407	C	A	0.551384	0.997027	10.4983	1.2E-03	-0.0266449	0.00814769	10.6945	1.1E-03	10.6572	1.1E-03
rs11967375	6	118823975	1.25407	A	G	0.552145	0.997423	10.5141	1.2E-03	-0.0265629	0.00813724	10.656	1.1E-03	10.6225	1.1E-03
rs11967858	6	118835543	1.2541	C	T	0.553035	0.997802	10.0661	1.5E-03	-0.0260698	0.00814756	10.2381	1.4E-03	10.2061	1.4E-03
rs113127380	6	118837268	1.2541	T	C	0.551714	0.998091	10.7035	1.1E-03	-0.0269073	0.00814883	10.9031	9.6E-04	10.8672	9.8E-04
rs111233522	6	118839081	1.2541	C	G	0.550971	0.998191	10.9095	9.6E-04	-0.0271011	0.00813827	11.0894	8.7E-04	11.0523	8.9E-04
rs11760114	6	118839487	1.2541	C	T	0.550934	0.998217	10.9031	9.6E-04	-0.0270923	0.00813859	11.0813	8.7E-04	11.0446	8.9E-04
rs11758454	6	118848799	1.2541	A	C	0.556674	0.997477	10.5864	1.1E-03	-0.0267286	0.00814517	10.7684	1.0E-03	10.7366	1.1E-03
rs2356497	6	118876539	1.25412	C	T	0.551056	0.999078	10.7865	1.0E-03	-0.026953	0.00813614	10.9743	9.2E-04	10.9377	9.4E-04
rs72952771	6	118883817	1.25412	C	T	0.552043	0.998809	10.1637	1.4E-03	-0.0262584	0.00814739	10.3872	1.3E-03	10.3506	1.3E-03
rs763254	6	118886615	1.25412	T	C	0.551203	0.999097	10.477	1.2E-03	-0.0265767	0.00813595	10.6705	1.1E-03	10.6346	1.1E-03
rs35029749	6	118892120	1.25412	A	C	0.549617	0.998495	10.9859	9.2E-04	-0.0272888	0.00814237	11.2322	8.0E-04	11.1976	8.2E-04
rs72952795	6	118894271	1.25412	G	T	0.549745	0.998789	10.904	9.6E-04	-0.0271878	0.00814183	11.1508	8.4E-04	11.1166	8.6E-04
rs11968176	6	118900940	1.25412	C	A	0.549625	0.998845	10.7498	1.0E-03	-0.027005	0.00813991	11.0065	9.1E-04	10.9719	9.3E-04
rs749703442	6	118933064	1.25414	AG	A	0.548911	0.993261	11.3649	7.5E-04	-0.0278416	0.0081635	11.6315	6.5E-04	11.5936	6.6E-04
rs7761131	6	118936032	1.25414	T	C	0.562062	0.838096	8.80926	3.0E-03	-0.0265904	0.00883717	9.05366	2.6E-03	9.00246	2.7E-03
rs6569024	6	118953374	1.25415	G	A	0.549636	0.996831	10.439	1.2E-03	-0.0266425	0.00815016	10.6861	1.1E-03	10.6522	1.1E-03
rs6906287	6	118962740	1.25416	T	C	0.548918	0.996922	11.2482	8.0E-04	-0.0275721	0.00814367	11.4631	7.1E-04	11.4276	7.2E-04
rs11752928	6	118977768	1.25418	C	G	0.548832	0.994087	10.9047	9.6E-04	-0.0271455	0.00814435	11.1092	8.6E-04	11.0681	8.8E-04
6:118978895_GC_G	6	118978895	1.25418	GC	G	0.549402	0.99156	10.5407	1.2E-03	-0.0267534	0.00816307	10.7411	1.0E-03	10.7028	1.1E-03
rs4945623	6	118980556	1.25418	G	C	0.548835	0.994058	10.9199	9.5E-04	-0.0271647	0.00814457	11.1243	8.5E-04	11.0832	8.7E-04
rs72958930	6	118983681	1.25418	G	C	0.54884	0.993883	10.9145	9.5E-04	-0.0271599	0.00814525	11.1185	8.5E-04	11.0773	8.7E-04
rs17427116	6	118986198	1.25418	G	A	0.548543	0.993898	10.2852	1.3E-03	-0.0263919	0.00814213	10.5067	1.2E-03	10.4657	1.2E-03
rs11153768	6	118988152	1.25418	C	T	0.548787	0.993552	10.3257	1.3E-03	-0.0264399	0.00814518	10.537	1.2E-03	10.4975	1.2E-03
rs10872167	6	118988362	1.25418	A	G	0.548685	0.99358	10.1776	1.4E-03	-0.0262605	0.00814401	10.3975	1.3E-03	10.3577	1.3E-03
rs11756438	6	118993632	1.25423	C	A	0.533601	0.988863	6.50481	1.1E-02	-0.0209473	0.00808632	6.71049	9.6E-03	6.69022	9.7E-03
rs11756440	6	118993642	1.25423	C	A	0.533807	0.988521	6.25243	1.2E-02	-0.0205462	0.00808714	6.45464	1.1E-02	6.43523	1.1E-02
rs760449872	6	119001872	1.25426	TC	T	0.614077	0.97424	3.96831	4.6E-02	-0.0166523	0.00827822	4.04645	4.4E-02	4.03847	4.4E-02
rs114681657	6	119001875	1.25426	A	T	0.605642	0.995228	3.78054	5.2E-02	-0.0159836	0.00815904	3.8377	5.0E-02	3.82654	5.0E-02
rs17349329	6	119002644	1.25426	T	G	0.605139	0.996494	3.89389	4.8E-02	-0.0162321	0.00815452	3.96233	4.7E-02	3.95022	4.7E-02
rs11754023	6	119005785	1.25426	T	C	0.605133	0.995937	3.82632	5.0E-02	-0.0160991	0.00815821	3.89416	4.8E-02	3.88286	4.9E-02
rs6937176	6	119007308	1.25427	A	G	0.604958	0.994945	3.7707	5.2E-02	-0.0159838	0.00816	3.83688	5.0E-02	3.82627	5.0E-02
rs72962906	6	119008305	1.25427	C	T	0.604952	0.995106	3.80286	5.1E-02	-0.0160517	0.00816014	3.86942	4.9E-02	3.85877	4.9E-02
rs60497831	6	119009327	1.25427	G	A	0.604985	0.995118	3.75599	5.3E-02	-0.01595	0.00815956	3.82107	5.1E-02	3.8104	5.1E-02
rs6911599	6	119009913	1.25427	A	G	0.484704	0.997438	2.40364	1.2E-01	0.0125378	0.00802269	2.44231	1.2E-01	2.44358	1.2E-01
rs56344535	6	119011263	1.25427	T	C	0.626514	0.994365	3.34238	6.8E-02	-0.015198	0.00825275	3.39139	6.6E-02	3.37912	6.6E-02
rs4946356	6	119020195	1.2543	G	A	0.582593	0.986205	3.19321	7.4E-02	-0.0147064	0.00813173	3.27076	7.1E-02	3.26957	7.1E-02
rs2046951	6	119021888	1.25431	T	C	0.582593	0.98423	3.07165	8.0E-02	-0.0144407	0.00814054	3.14682	7.6E-02	3.14582	7.6E-02
rs1919865	6	122121005	1.27122	A	T	0.862327	0.979952	16.0378	6.2E-05	0.0474577	0.0118806	15.9566	6.5E-05	15.984	6.4E-05
rs10261575	7	11225216	0.204864	T	C	0.817413	0.988122	15.5478	8.0E-05	-0.0413585	0.0103938	15.8337	6.9E-05	15.7584	7.2E-05
rs12540248	7	11225713	0.204898	A	T	0.797392	0.988733	13.7527	2.1E-04	-0.0375723	0.0100205	14.059	1.8E-04	13.997	1.8E-04
rs6488162	12	33593127	0.545896	T	C	0.434697	0.985576	5.17806	2.3E-02	-0.0191682	0.00821348	5.44641	2.0E-02	5.44326	2.0E-02
rs1482993	12	33594515	0.545902	G	A	0.459353	0.99681	8.90826	2.8E-03	-0.0246478	0.00811296	9.22994	2.4E-03	9.24824	2.4E-03
12:33598072_AC_A	12	33598072	0.545913	AC	A	0.45978	0.996009	9.1059	2.5E-03	-0.0249589	0.00810681	9.47876	2.1E-03	9.4964	2.1E-03
rs10634366	12	33598379	0.545914	C	CATT	0.459321	0.994926	9.17041	2.5E-03	-0.0250076	0.00811179	9.50411	2.1E-03	9.52336	2.0E-03
rs1351683	12	33598563	0.545915	G	A	0.459359	0.997645	9.12988	2.5E-03	-0.0249345	0.00811015	9.45246	2.1E-03	9.47118	2.1E-03
rs1351682	12	33598775	0.545915	G	A	0.460086	0.997543	8.97034	2.7E-03	-0.024759	0.00810503	9.33164	2.3E-03	9.34882	2.2E-03
rs4931719	12	33602986	0.545917	G	A	0.460851	0.996997	9.8779	1.7E-03	-0.0259106	0.00810837	10.2114	1.4E-03	10.2315	1.4E-03
rs10844611	12	33603544	0.545917	T	C	0.461204	0.996966	9.73466	1.8E-03	-0.0257486	0.00810269	10.0983	1.5E-03	10.1163	1.5E-03
rs10844612	12	33603676	0.545918	T	C	0.460381	0.997023	9.7178	1.8E-03	-0.0256901	0.00810681	10.0422	1.5E-03	10.0622	1.5E-03
rs369941489	12	33603813	0.545918	T	TA	0.465286	0.988325	9.78957	1.8E-03	-0.0259288	0.00812056	10.1951	1.4E-03	10.2136	1.4E-03
rs10844613	12	33605362	0.545918	A	G	0.457252	0.985751	9.43411	2.1E-03	-0.0255295	0.00815324	9.80446	1.7E-03	9.82166	1.7E-03
rs10844614	12	33605702	0.545919	A	C	0.455811	0.991056	9.49676	2.1E-03	-0.0254717	0.00814334	9.78386	1.8E-03	9.80227	1.7E-03
rs1601007	12	33609675	0.545921	G	C	0.460359	0.992769	9.77087	1.8E-03	-0.0258734	0.00812211	10.1477	1.4E-03	10.1654	1.4E-03
rs57768359	12	33610918	0.545921	A	AGATAAAATGAAAGG	0.466069	0.979231	9.69323	1.8E-03	-0.0259558	0.00816736	10.0997	1.5E-03	10.1177	1.5E-03
rs1601008	12	33611352	0.545921	A	G	0.460168	0.993438	9.78959	1.8E-03	-0.0258882	0.00811943	10.1661	1.4E-03	10.1836	1.4E-03
rs1842885	12	33613317	0.545922	A	G	0.46017	0.993422	9.80062	1.7E-03	-0.0259029	0.00811954	10.1774	1.4E-03	10.1949	1.4E-03
rs1482987	12	33614283	0.545923	G	C	0.460305	0.993366	9.7994	1.7E-03	-0.0259015	0.00811957	10.1762	1.4E-03	10.1937	1.4E-03
rs1447873	12	33615236	0.545923	A	G	0.461394	0.997071	9.72857	1.8E-03	-0.0257344	0.00809993	10.094	1.5E-03	10.1123	1.5E-03
rs1580396	12	33615841	0.545924	C	A	0.461523	0.996886	9.83268	1.7E-03	-0.0258846	0.00810058	10.2105	1.4E-03	10.2279	1.4E-03
rs2200156	12	33618048	0.545925	C	A	0.461307	0.996635	9.72003	1.8E-03	-0.0257284	0.00810209	10.084	1.5E-03	10.1021	1.5E-03
rs1384598	12	33622899	0.545929	T	A	0.461317	0.99674	9.78446	1.8E-03	-0.0258121	0.00810117	10.152	1.4E-03	10.1702	1.4E-03
rs10161311	12	33623204	0.545929	G	A	0.460517	0.996826	9.9851	1.6E-03	-0.0260362	0.00810831	10.3109	1.3E-03	10.3306	1.3E-03
rs10161491	12	33623806	0.54593	T	C	0.460747	0.996921	9.96592	1.6E-03	-0.0260215	0.00811052	10.2936	1.3E-03	10.3129	1.3E-03
rs1384599	12	33624579	0.54593	G	A	0.460652	0.99707	9.97878	1.6E-03	-0.0260253	0.00810746	10.3043	1.3E-03	10.324	1.3E-03
rs10844618	12	33625010	0.545931	A	G	0.461407	0.996763	9.79115	1.8E-03	-0.0258218	0.00810098	10.1601	1.4E-03	10.1782	1.4E-03
rs12319055	12	33626509	0.545933	C	T	0.46162	0.996574	9.72252	1.8E-03	-0.0257304	0.00810273	10.0839	1.5E-03	10.1015	1.5E-03
rs11052722	12	33626530	0.545933	G	A	0.481189	0.996265	10.4238	1.2E-03	-0.0264932	0.00807031	10.7768	1.0E-03	10.8021	1.0E-03
rs1601006	12	33629519	0.545936	C	T	0.461051	0.993976	9.94253	1.6E-03	-0.0260194	0.00811925	10.2698	1.4E-03	10.2893	1.3E-03
12:33631665_GA_G	12	33631665	0.545944	GA	G	0.46247	0.991074	9.65399	1.9E-03	-0.0257279	0.008126	10.0243	1.5E-03	10.0388	1.5E-03
rs61927702	12	33631695	0.545944	A	G	0.461849	0.994942	9.8847	1.7E-03	-0.0259678	0.0081099	10.2527	1.4E-03	10.2708	1.4E-03
rs7303356	12	33633599	0.545951	G	C	0.480873	0.997021	10.5759	1.1E-03	-0.0266957	0.00807153	10.9388	9.4E-04	10.9642	9.3E-04
rs1601005	12	33634658	0.545954	A	G	0.461374	0.99735	10.0896	1.5E-03	-0.0262112	0.00810117	10.4683	1.2E-03	10.4858	1.2E-03
rs7138529	12	33634855	0.545955	T	C	0.460562	0.99736	10.256	1.4E-03	-0.0263904	0.00810716	10.5963	1.1E-03	10.615	1.1E-03
rs10437795	12	33635336	0.545958	C	G	0.460648	0.99759	10.1796	1.4E-03	-0.0262861	0.00810545	10.5172	1.2E-03	10.5352	1.2E-03
rs7311794	12	33635630	0.54596	C	T	0.461695	0.997578	10.4651	1.2E-03	-0.0266179	0.00809543	10.811	1.0E-03	10.8293	1.0E-03
rs1839061	12	33646586	0.545978	C	A	0.456586	0.999003	11.192	8.2E-04	-0.0275978	0.00809495	11.6231	6.5E-04	11.6364	6.5E-04
rs1839062	12	33646892	0.545978	G	A	0.456572	0.998869	11.2058	8.2E-04	-0.0276155	0.0080952	11.6373	6.5E-04	11.6504	6.4E-04
rs2389214	12	33647406	0.545978	C	A	0.456546	0.999053	11.1689	8.3E-04	-0.0275702	0.00809433	11.6016	6.6E-04	11.6148	6.5E-04
rs4348988	12	33647529	0.545978	A	T	0.456546	0.999072	11.1689	8.3E-04	-0.0275702	0.00809433	11.6016	6.6E-04	11.6148	6.5E-04
rs2200159	12	33648544	0.545979	G	C	0.456626	0.9991	11.2492	8.0E-04	-0.027667	0.00809443	11.6829	6.3E-04	11.6964	6.3E-04
rs2220059	12	33648630	0.545979	C	T	0.456622	0.999116	11.2471	8.0E-04	-0.027664	0.00809437	11.6806	6.3E-04	11.6941	6.3E-04
rs11535974	12	33649029	0.545979	A	G	0.456677	0.999146	11.3604	7.5E-04	-0.0277947	0.00809318	11.7947	5.9E-04	11.8079	5.9E-04
rs11559754	12	33649229	0.545979	G	A	0.456622	0.999091	11.2551	7.9E-04	-0.0276735	0.00809438	11.6886	6.3E-04	11.7021	6.2E-04
rs2389215	12	33649457	0.545979	C	T	0.456623	0.999096	11.2503	8.0E-04	-0.0276676	0.00809436	11.6837	6.3E-04	11.6972	6.3E-04
rs2220060	12	33650463	0.545979	G	A	0.456579	0.999031	11.2615	7.9E-04	-0.0276782	0.0080935	11.6951	6.3E-04	11.708	6.2E-04
rs11052731	12	33651637	0.54598	G	A	0.456751	0.998909	11.3778	7.4E-04	-0.0278172	0.00809453	11.8099	5.9E-04	11.8231	5.8E-04
rs7972688	12	33653477	0.545981	T	C	0.45549	0.999146	11.2428	8.0E-04	-0.0276578	0.00810414	11.6472	6.4E-04	11.6621	6.4E-04
rs746639169	12	33654263	0.545981	CCTTT	C	0.456985	0.997606	11.3615	7.5E-04	-0.0278062	0.00809748	11.7919	5.9E-04	11.8062	5.9E-04
rs756950281	12	33654438	0.545981	TTTAA	T	0.454202	0.995321	10.8074	1.0E-03	-0.0271642	0.0081094	11.2206	8.1E-04	11.2384	8.0E-04
12:33654815_CA_C	12	33654815	0.545981	CA	C	0.456103	0.990204	11.2701	7.9E-04	-0.0277494	0.00814547	11.6058	6.6E-04	11.6244	6.5E-04
rs7965096	12	33655082	0.545981	A	G	0.456672	0.998727	11.2595	7.9E-04	-0.0276754	0.00809444	11.69	6.3E-04	11.7031	6.2E-04
rs2084391	12	33655419	0.545982	C	T	0.456645	0.998853	11.3576	7.5E-04	-0.0277947	0.00809468	11.7903	6.0E-04	11.8034	5.9E-04
rs11052732	12	33657801	0.545985	A	G	0.454625	0.998895	11.3336	7.6E-04	-0.0277255	0.00811368	11.6768	6.3E-04	11.6965	6.3E-04
rs10772088	12	33663849	0.545998	A	T	0.45515	0.999565	11.0795	8.7E-04	-0.0274132	0.00811086	11.4231	7.3E-04	11.4439	7.2E-04
rs11052736	12	33669583	0.546001	T	C	0.544862	1	10.9916	9.2E-04	0.027276	0.00810913	11.314	7.7E-04	11.3343	7.6E-04
rs138585668	12	33677966	0.54601	T	C	0.544796	0.998807	11.216	8.1E-04	0.027586	0.00811358	11.5598	6.7E-04	11.5807	6.7E-04
rs763086362	12	33680233	0.546013	CA	C	0.544066	0.998487	11.2342	8.0E-04	0.027549	0.00809904	11.5703	6.7E-04	11.5926	6.6E-04
rs2389218	12	33680929	0.546014	C	A	0.544924	0.999118	11.006	9.1E-04	0.0273346	0.00811217	11.3541	7.5E-04	11.3744	7.4E-04
rs1994135	12	33682405	0.546016	T	C	0.524305	0.997936	12.3462	4.4E-04	0.028735	0.00807589	12.6603	3.7E-04	12.6922	3.7E-04
rs12819439	12	33684509	0.546019	A	C	0.545074	0.99862	10.9455	9.4E-04	0.0272662	0.00811362	11.2933	7.8E-04	11.3133	7.7E-04
rs12820541	12	33684754	0.54602	G	A	0.545017	0.9986	10.947	9.4E-04	0.0272649	0.00811217	11.2962	7.8E-04	11.3163	7.7E-04
rs1601003	12	33689436	0.546028	A	T	0.54482	0.998206	10.9948	9.1E-04	0.0273292	0.00811388	11.3448	7.6E-04	11.3655	7.5E-04
rs1482983	12	33690326	0.546038	A	C	0.545002	0.997755	10.9941	9.1E-04	0.0273366	0.00811666	11.3432	7.6E-04	11.3639	7.5E-04
rs2848907	18	34185248	0.563818	A	G	0.744219	0.96307	9.01742	2.7E-03	-0.027748	0.00932051	8.86304	2.9E-03	8.90509	2.8E-03
rs369533272	18	34185606	0.563822	C	CA	0.771559	0.95343	6.3426	1.2E-02	-0.0241457	0.00972511	6.16439	1.3E-02	6.20372	1.3E-02
rs2644257	18	34213453	0.563886	A	G	0.744014	0.985526	8.79294	3.0E-03	-0.0272524	0.00922917	8.71935	3.1E-03	8.76327	3.1E-03
rs2848919	18	34217777	0.563903	C	T	0.797705	0.984704	9.31413	2.3E-03	-0.0301579	0.010011	9.07508	2.6E-03	9.14116	2.5E-03
rs2848918	18	34219126	0.563942	T	G	0.7378	1	8.18387	4.2E-03	-0.0260006	0.00908818	8.18491	4.2E-03	8.21388	4.2E-03
rs2848917	18	34219235	0.563945	T	C	0.694443	0.979374	7.36171	6.7E-03	-0.0237664	0.00879423	7.3035	6.9E-03	7.32447	6.8E-03
18:34219777_G_GTT	18	34219777	0.563954	G	GTT	0.753568	0.979538	9.98518	1.6E-03	-0.029511	0.00939634	9.86396	1.7E-03	9.90026	1.7E-03
rs2644261	18	34220491	0.563967	T	C	0.683057	0.991035	9.19316	2.4E-03	-0.0260334	0.00866139	9.03411	2.6E-03	9.06495	2.6E-03
rs2644262	18	34223566	0.563975	T	C	0.730123	0.991007	9.28351	2.3E-03	-0.0274883	0.00907172	9.18155	2.4E-03	9.21947	2.4E-03
rs34457458	18	34226233	0.563981	T	TTA	0.709564	0.983503	8.51079	3.5E-03	-0.025758	0.00891692	8.34437	3.9E-03	8.37659	3.8E-03
rs2848923	18	34226301	0.563981	G	A	0.709392	0.987888	9.25893	2.3E-03	-0.0268146	0.0088896	9.09871	2.6E-03	9.13426	2.5E-03
18:34227482_CCAT_C	18	34227482	0.563984	CCAT	C	0.776517	0.984192	7.97736	4.7E-03	-0.0272151	0.00969039	7.88745	5.0E-03	7.93203	4.9E-03
rs2957176	18	34229559	0.563988	C	T	0.77714	0.987689	9.23442	2.4E-03	-0.0293174	0.00968316	9.16676	2.5E-03	9.21277	2.4E-03
rs2644263	18	34229638	0.563988	C	A	0.777156	0.987661	9.24223	2.4E-03	-0.0293402	0.00968478	9.17798	2.4E-03	9.22453	2.4E-03
rs2644266	18	34231270	0.564008	A	G	0.741051	0.990017	10.7687	1.0E-03	-0.0300607	0.00917306	10.7391	1.0E-03	10.7736	1.0E-03
rs34617432	18	34231713	0.564011	C	CA	0.733752	0.938186	8.90933	2.8E-03	-0.028106	0.00936812	9.00105	2.7E-03	9.03609	2.6E-03
rs2848901	18	34232610	0.564022	C	T	0.720552	0.989527	11.0652	8.8E-04	-0.02988	0.00898035	11.0707	8.8E-04	11.1038	8.6E-04
rs1893433	18	34232952	0.564028	T	C	0.71945	0.989997	11.2321	8.0E-04	-0.0300886	0.00897226	11.2461	8.0E-04	11.2828	7.8E-04
rs1495900	18	34235656	0.564051	A	G	0.744434	0.991887	11.5302	6.8E-04	-0.0312027	0.00921944	11.4545	7.1E-04	11.4985	7.0E-04
18:34235735_CAA_C	18	34235735	0.564051	CAA	C	0.749905	0.975618	11.6697	6.4E-04	-0.0318847	0.00937403	11.5694	6.7E-04	11.6227	6.5E-04
rs2644267	18	34236026	0.564052	G	A	0.745336	0.991705	11.432	7.2E-04	-0.0311326	0.0092306	11.3755	7.4E-04	11.4182	7.3E-04
rs2644268	18	34240401	0.564074	G	C	0.739919	0.993166	11.7603	6.1E-04	-0.0313183	0.00914673	11.7237	6.2E-04	11.7618	6.0E-04
rs499715	18	34243902	0.564133	T	G	0.262077	0.995899	13.4725	2.4E-04	0.0335071	0.00909682	13.5673	2.3E-04	13.608	2.3E-04
rs499906	18	34243972	0.564135	G	T	0.310367	1	9.85911	1.7E-03	0.0271517	0.00863832	9.87953	1.7E-03	9.90371	1.6E-03
rs501740	18	34244174	0.564139	G	T	0.265482	0.993023	13.004	3.1E-04	0.0327117	0.00907797	12.9846	3.1E-04	13.0263	3.1E-04
rs617207	18	34244842	0.564148	A	G	0.277947	0.990323	12.0924	5.1E-04	0.0309921	0.00893553	12.0299	5.2E-04	12.076	5.1E-04
rs657171	18	34253625	0.564213	T	C	0.279874	0.985735	11.9699	5.4E-04	0.030829	0.00894162	11.8874	5.7E-04	11.9335	5.5E-04
rs503274	18	34253745	0.564214	C	T	0.300716	0.985619	12.8029	3.5E-04	0.0313256	0.00874897	12.8199	3.4E-04	12.8604	3.4E-04
rs61735998	18	34289285	0.564341	G	T	0.976324	1	5.72061	1.7E-02	-0.0636081	0.0264855	5.76777	1.6E-02	5.77878	1.6E-02
