rs528236848	5	80879264	0.956286	C	T	0.998405	0.877309	24.6011	7.1E-07	-1.11657	0.217893	26.2597	3.0E-07	25.966	3.5E-07
rs72492329	6	32521136	0.520312	G	A	0.683698	0.806185	18.9967	1.3E-05	-0.082921	0.0189508	19.1458	1.2E-05	19.4098	1.1E-05
rs615698	6	32574190	0.520415	A	G	0.703452	0.944805	16.9842	3.8E-05	-0.0758793	0.0180876	17.5988	2.7E-05	17.8845	2.3E-05
rs9272770	6	32610226	0.520644	G	A	0.827317	0.983216	19.668	9.2E-06	-0.0953887	0.0214655	19.7475	8.8E-06	19.5529	9.8E-06
rs1048381	6	32610445	0.520645	G	A	0.826329	0.985962	19.2612	1.1E-05	-0.0942573	0.0213928	19.4132	1.1E-05	19.1278	1.2E-05
6:36632184_CT_C	6	36632184	0.562656	CT	C	0.350175	0.931616	25.0199	5.7E-07	0.0841233	0.0175891	22.8742	1.7E-06	22.5528	2.0E-06
rs730506	6	36645968	0.562809	G	C	0.799637	0.993777	28.8149	8.0E-08	-0.10573	0.0204051	26.8484	2.2E-07	27.6041	1.5E-07
rs4151702	6	36645988	0.56281	G	C	0.799637	0.993641	28.7197	8.4E-08	-0.105584	0.0204064	26.7708	2.3E-07	27.5236	1.6E-07
rs58730006	6	122089704	1.27119	A	AT	0.900154	0.993314	23.7806	1.1E-06	0.129344	0.0271596	22.6801	1.9E-06	22.7093	1.9E-06
rs9388001	6	122092897	1.2712	G	A	0.897873	0.994918	23.9823	9.7E-07	0.127966	0.0269628	22.5247	2.1E-06	22.684	1.9E-06
rs9401451	6	122099152	1.2712	G	A	0.899197	0.997221	20.0385	7.6E-06	0.119642	0.0270061	19.6266	9.4E-06	19.6038	9.5E-06
rs2091624	6	122101755	1.27121	G	C	0.897066	0.997021	22.3481	2.3E-06	0.12427	0.0269331	21.2893	3.9E-06	21.4224	3.7E-06
rs1012020	6	122110346	1.27121	A	G	0.899107	0.997454	20.4864	6.0E-06	0.120721	0.0269867	20.0107	7.7E-06	20.0094	7.7E-06
6:122113614_CT_C	6	122113614	1.27121	CT	C	0.894251	0.98133	22.2404	2.4E-06	0.12382	0.0268578	21.2541	4.0E-06	21.3328	3.9E-06
rs9320841	6	122114451	1.27121	A	G	0.897035	0.997808	22.3434	2.3E-06	0.124217	0.0269201	21.2917	3.9E-06	21.4314	3.7E-06
rs7767179	6	122120089	1.27122	A	G	0.897049	0.997937	23.0196	1.6E-06	0.126225	0.0269391	21.9545	2.8E-06	22.0978	2.6E-06
rs2012952	6	122124077	1.27122	T	C	0.899213	0.998164	20.4336	6.2E-06	0.120854	0.0270045	20.0284	7.6E-06	19.9925	7.8E-06
rs12208772	6	122125427	1.27122	T	C	0.897037	0.998401	22.5234	2.1E-06	0.124859	0.0269377	21.4843	3.6E-06	21.6007	3.4E-06
rs1015451	6	122131485	1.27122	T	C	0.897021	0.998445	22.577	2.0E-06	0.124997	0.0269345	21.5368	3.5E-06	21.65	3.3E-06
rs9388006	6	122133347	1.27122	G	T	0.897376	0.99782	22.6126	2.0E-06	0.124862	0.0269341	21.4911	3.6E-06	21.6189	3.3E-06
6:122134939_TA_T	6	122134939	1.27122	TA	T	0.896931	0.998345	22.5858	2.0E-06	0.125119	0.026917	21.607	3.3E-06	21.7152	3.2E-06
rs112521333	6	122136119	1.27122	T	TA	0.897845	0.994203	22.6843	1.9E-06	0.125652	0.0270476	21.5817	3.4E-06	21.7014	3.2E-06
rs1919862	6	122136414	1.27122	T	C	0.897004	0.9985	22.5718	2.0E-06	0.124985	0.0269263	21.546	3.5E-06	21.6586	3.3E-06
rs9388008	6	122138479	1.27122	C	A	0.896854	0.997283	22.6672	1.9E-06	0.125126	0.0269289	21.5901	3.4E-06	21.7184	3.2E-06
rs1919860	6	122141226	1.27123	A	G	0.897004	0.99853	22.5963	2.0E-06	0.125094	0.0269259	21.5841	3.4E-06	21.6941	3.2E-06
rs9372667	6	122145892	1.27124	T	G	0.897198	0.998263	22.8896	1.7E-06	0.125849	0.0269314	21.8365	3.0E-06	21.9527	2.8E-06
rs9398652	6	122146034	1.27124	C	A	0.897013	0.998656	22.7051	1.9E-06	0.125536	0.0269244	21.7393	3.1E-06	21.839	3.0E-06
rs763076	6	122148562	1.27124	A	G	0.897278	0.998661	22.156	2.5E-06	0.124321	0.0269218	21.3245	3.9E-06	21.3952	3.7E-06
rs1358683	6	122149208	1.27124	A	G	0.897014	0.999221	22.6268	2.0E-06	0.125452	0.0269232	21.7121	3.2E-06	21.7947	3.0E-06
rs9375064	6	122149831	1.27125	A	G	0.89702	0.999193	22.6037	2.0E-06	0.1254	0.0269236	21.6934	3.2E-06	21.778	3.1E-06
rs973399	6	122150246	1.27125	A	G	0.897025	0.999216	22.5862	2.0E-06	0.125358	0.0269235	21.679	3.2E-06	21.7647	3.1E-06
rs1919876	6	122152933	1.27125	T	C	0.897034	0.999349	22.5498	2.0E-06	0.125267	0.0269226	21.6491	3.3E-06	21.7371	3.1E-06
rs9388010	6	122153737	1.27125	A	G	0.897337	0.997153	23.6833	1.1E-06	0.128683	0.026968	22.7692	1.8E-06	22.8755	1.7E-06
rs12212972	6	122154148	1.27125	A	C	0.897037	0.999404	22.5343	2.1E-06	0.125227	0.0269219	21.6363	3.3E-06	21.7252	3.1E-06
rs1534753	6	122155504	1.27125	C	G	0.897574	0.998334	21.8866	2.9E-06	0.123788	0.0269341	21.1229	4.3E-06	21.2035	4.1E-06
rs2269579	6	122156413	1.27125	A	G	0.896892	0.999108	23.1966	1.5E-06	0.126534	0.0269195	22.0943	2.6E-06	22.2528	2.4E-06
rs12110693	6	122158270	1.27125	G	A	0.897035	1	22.4175	2.2E-06	0.124848	0.026907	21.5295	3.5E-06	21.6178	3.3E-06
rs11154050	6	122158777	1.27125	G	A	0.897056	0.999906	22.4507	2.2E-06	0.124996	0.0269155	21.5671	3.4E-06	21.6608	3.3E-06
rs57568294	6	122159107	1.27125	C	A	0.897045	0.999806	22.5265	2.1E-06	0.125167	0.0269149	21.6268	3.3E-06	21.7305	3.1E-06
rs9401457	6	122167499	1.27126	C	T	0.897801	0.998402	24.4042	7.8E-07	0.130584	0.0270145	23.3662	1.3E-06	23.4761	1.3E-06
rs1320761	6	122168138	1.27126	C	T	0.897796	0.99844	24.4115	7.8E-07	0.130585	0.0270135	23.368	1.3E-06	23.479	1.3E-06
rs1919875	6	122171052	1.27126	A	G	0.898357	0.997067	24.6053	7.0E-07	0.131257	0.0270427	23.5585	1.2E-06	23.6877	1.1E-06
rs1320759	6	122171460	1.27126	A	G	0.898358	0.997053	24.6062	7.0E-07	0.13126	0.0270429	23.5592	1.2E-06	23.6886	1.1E-06
rs1919874	6	122173688	1.27126	G	C	0.897806	0.997848	25.065	5.5E-07	0.132176	0.0270192	23.9308	1.0E-06	24.073	9.3E-07
rs9401459	6	122174598	1.27126	T	C	0.89782	0.998235	24.7181	6.6E-07	0.131369	0.0270173	23.6428	1.2E-06	23.758	1.1E-06
rs1406667	6	122178493	1.27127	A	G	0.898526	0.996661	24.2554	8.4E-07	0.13037	0.0270436	23.2394	1.4E-06	23.3511	1.3E-06
rs12196824	6	122178717	1.27127	T	C	0.897826	0.998213	24.7674	6.5E-07	0.131496	0.0270182	23.687	1.1E-06	23.8025	1.1E-06
rs1919873	6	122181936	1.27127	A	T	0.89782	0.998112	24.833	6.3E-07	0.131637	0.0270192	23.736	1.1E-06	23.8617	1.0E-06
rs1919872	6	122182186	1.27127	A	G	0.898352	0.996807	24.6748	6.8E-07	0.131409	0.027045	23.6089	1.2E-06	23.7477	1.1E-06
rs9401463	6	122186542	1.27127	A	G	0.89782	0.998026	24.8369	6.2E-07	0.131651	0.0270201	23.7398	1.1E-06	23.8653	1.0E-06
rs9375071	6	122186687	1.27127	A	G	0.898546	0.996481	24.3498	8.0E-07	0.130587	0.0270473	23.3104	1.4E-06	23.4427	1.3E-06
rs9320843	6	122187302	1.27127	A	G	0.897816	0.997977	24.8353	6.2E-07	0.131642	0.0270196	23.7372	1.1E-06	23.8627	1.0E-06
rs9372668	6	122188472	1.27127	C	A	0.897818	0.997625	24.8545	6.2E-07	0.131708	0.0270232	23.7547	1.1E-06	23.8796	1.0E-06
rs12175261	6	122189160	1.27129	T	G	0.897853	0.996638	24.6997	6.7E-07	0.131298	0.0270387	23.5801	1.2E-06	23.71	1.1E-06
rs12206253	6	122192592	1.27153	C	T	0.898042	0.983463	26.3412	2.9E-07	0.136093	0.027203	25.0286	5.6E-07	25.1749	5.2E-07
rs11752784	6	122193876	1.27169	A	G	0.898348	0.980991	25.2491	5.0E-07	0.133274	0.0272064	23.9966	9.7E-07	24.0787	9.2E-07
rs72840788	10	121415685	1.50658	G	A	0.783273	0.979364	31.5813	1.9E-08	-0.115143	0.0198656	33.5948	6.8E-09	33.9004	5.8E-09
rs17099139	10	121419487	1.50662	C	G	0.722949	0.987408	26.661	2.4E-07	-0.0954979	0.0182244	27.4587	1.6E-07	27.8366	1.3E-07
rs61869036	10	121422836	1.50662	G	C	0.783161	0.991989	31.3399	2.2E-08	-0.114016	0.0197386	33.3658	7.6E-09	33.6431	6.6E-09
rs375034445	10	121424815	1.50663	A	AT	0.7861	0.985187	30.6769	3.0E-08	-0.114073	0.019914	32.8131	1.0E-08	32.8892	9.8E-09
rs117550412	10	121424962	1.50663	A	T	0.783213	0.993287	31.2188	2.3E-08	-0.113756	0.0197286	33.2475	8.1E-09	33.5151	7.1E-09
rs7095308	10	121426312	1.50663	G	A	0.723149	0.991566	26.7576	2.3E-07	-0.0955139	0.0181927	27.5637	1.5E-07	27.9376	1.3E-07
rs17617337	10	121426884	1.50663	C	T	0.783225	0.994389	31.191	2.3E-08	-0.113649	0.0197182	33.2198	8.2E-09	33.4854	7.2E-09
rs2234962	10	121429633	1.50666	T	C	0.783085	1	31.7109	1.8E-08	-0.11407	0.0196593	33.667	6.5E-09	33.9878	5.5E-09
rs72842207	10	121433675	1.50667	C	T	0.783454	0.998405	30.8887	2.7E-08	-0.11281	0.0196812	32.8547	9.9E-09	33.1219	8.7E-09
rs72842211	10	121438211	1.5067	G	T	0.868797	0.992938	21.9974	2.7E-06	-0.113697	0.0241396	22.1837	2.5E-06	22.3704	2.2E-06
rs72842212	10	121438212	1.5067	C	T	0.869066	0.980573	22.5136	2.1E-06	-0.11585	0.0243047	22.7203	1.9E-06	23.0502	1.6E-06
rs77784809	10	121442498	1.50673	T	A	0.91176	0.94202	18.6871	1.5E-05	0.129126	0.0294017	19.2879	1.1E-05	19.8893	8.2E-06
rs199559405	10	121490771	1.5071	A	AT	0.922773	0.973975	22.5236	2.1E-06	0.146911	0.0308394	22.6932	1.9E-06	23.2278	1.4E-06
rs11170519	12	53768640	0.678318	C	T	0.564808	0.993764	19.318	1.1E-05	-0.0725706	0.0164644	19.428	1.0E-05	18.5359	1.7E-05
rs2047273	18	34184859	0.563794	T	C	0.676374	0.959901	30.5846	3.2E-08	-0.0974447	0.0177334	30.1947	3.9E-08	30.3472	3.6E-08
rs2848907	18	34185248	0.563818	A	G	0.738649	0.96307	32.8687	9.9E-09	-0.107981	0.0188359	32.8639	9.9E-09	33.4092	7.5E-09
rs369533272	18	34185606	0.563822	C	CA	0.76702	0.95343	36.0526	1.9E-09	-0.11794	0.0196565	36.0006	2.0E-09	36.3358	1.7E-09
rs2644257	18	34213453	0.563886	A	G	0.738107	0.985526	31.9173	1.6E-08	-0.104575	0.0186221	31.5354	2.0E-08	31.9879	1.6E-08
rs2848919	18	34217777	0.563903	C	T	0.791251	0.984704	32.0361	1.5E-08	-0.112921	0.0200843	31.6106	1.9E-08	31.892	1.6E-08
rs2848918	18	34219126	0.563942	T	G	0.733025	1	34.9752	3.3E-09	-0.108241	0.0184006	34.6034	4.0E-09	35.0387	3.2E-09
rs2644260	18	34219234	0.563945	G	T	0.736843	0.98262	32.2794	1.3E-08	-0.105591	0.018648	32.0618	1.5E-08	32.5532	1.2E-08
rs2848917	18	34219235	0.563945	T	C	0.691652	0.979374	32.5112	1.2E-08	-0.101903	0.0178238	32.6869	1.1E-08	32.7695	1.0E-08
18:34219777_G_GTT	18	34219777	0.563954	G	GTT	0.74781	0.979538	30.5263	3.3E-08	-0.103729	0.018893	30.1437	4.0E-08	30.3807	3.6E-08
rs2644261	18	34220491	0.563967	T	C	0.68184	0.991035	30.3998	3.5E-08	-0.0963414	0.0175478	30.1427	4.0E-08	30.1845	3.9E-08
rs2644262	18	34223566	0.563975	T	C	0.726652	0.991007	36.3697	1.6E-09	-0.109948	0.0183186	36.0236	1.9E-09	36.3932	1.6E-09
rs150696888	18	34225137	0.563979	G	GCTCATGCCTGTAATCCCAGGA	0.732704	0.98497	28.4323	9.7E-08	-0.0991942	0.0185003	28.7484	8.2E-08	28.6349	8.7E-08
rs34457458	18	34226233	0.563981	T	TTA	0.706231	0.983503	27.5828	1.5E-07	-0.0946416	0.0179917	27.6707	1.4E-07	27.6022	1.5E-07
rs2848923	18	34226301	0.563981	G	A	0.706039	0.987888	27.903	1.3E-07	-0.094817	0.0179519	27.8965	1.3E-07	27.7936	1.3E-07
18:34227482_CCAT_C	18	34227482	0.563984	CCAT	C	0.772321	0.984192	34.3039	4.7E-09	-0.114632	0.0195064	34.5345	4.2E-09	34.6309	4.0E-09
rs2957176	18	34229559	0.563988	C	T	0.773516	0.987689	35.3125	2.8E-09	-0.115779	0.0195097	35.2176	2.9E-09	35.3191	2.8E-09
rs2644263	18	34229638	0.563988	C	A	0.773517	0.987661	35.297	2.8E-09	-0.115756	0.0195099	35.2026	3.0E-09	35.3046	2.8E-09
rs2644266	18	34231270	0.564008	A	G	0.738368	0.990017	32.5433	1.2E-08	-0.104837	0.0185565	31.918	1.6E-08	32.461	1.2E-08
rs34617432	18	34231713	0.564011	C	CA	0.730558	0.938186	29.8711	4.6E-08	-0.101146	0.0188538	28.7806	8.1E-08	29.2488	6.4E-08
rs2848901	18	34232610	0.564022	C	T	0.716892	0.989527	32.7202	1.1E-08	-0.102448	0.0181146	31.9848	1.6E-08	32.4857	1.2E-08
rs1893433	18	34232952	0.564028	T	C	0.716064	0.989997	32.5755	1.1E-08	-0.10213	0.0180819	31.9021	1.6E-08	32.3738	1.3E-08
rs1495900	18	34235656	0.564051	A	G	0.738957	0.991887	31.7555	1.7E-08	-0.104007	0.018525	31.522	2.0E-08	31.8155	1.7E-08
18:34235735_CAA_C	18	34235735	0.564051	CAA	C	0.746237	0.975618	30.9586	2.6E-08	-0.104018	0.018846	30.4636	3.4E-08	30.6253	3.1E-08
rs2644267	18	34236026	0.564052	G	A	0.739608	0.991705	31.4639	2.0E-08	-0.103474	0.0185417	31.1432	2.4E-08	31.4564	2.0E-08
rs2644268	18	34240401	0.564074	G	C	0.737562	0.993166	32.475	1.2E-08	-0.104318	0.0185201	31.7273	1.8E-08	32.2306	1.4E-08
rs499715	18	34243902	0.564133	T	G	0.263598	0.995899	34.7606	3.7E-09	0.107457	0.0184588	33.8892	5.8E-09	34.3382	4.6E-09
rs499906	18	34243972	0.564135	G	T	0.308873	1	31.4991	2.0E-08	0.098619	0.0176413	31.2508	2.3E-08	31.4607	2.0E-08
rs501740	18	34244174	0.564139	G	T	0.266533	0.993023	34.6432	4.0E-09	0.10706	0.0184221	33.7737	6.2E-09	34.2326	4.9E-09
rs617207	18	34244842	0.564148	A	G	0.282279	0.990323	34.8834	3.5E-09	0.105209	0.0180457	33.9907	5.5E-09	34.3165	4.7E-09
rs657171	18	34253625	0.564213	T	C	0.283913	0.985735	34.4829	4.3E-09	0.104445	0.018044	33.5051	7.1E-09	33.8372	6.0E-09
rs503274	18	34253745	0.564214	C	T	0.303346	0.985619	36.0296	1.9E-09	0.104802	0.0177257	34.9566	3.4E-09	35.3654	2.7E-09
rs591873	18	34256214	0.564254	A	G	0.292039	0.988955	28.7115	8.4E-08	0.0947214	0.0178749	28.0809	1.2E-07	28.4203	9.8E-08
rs2469881	18	34256593	0.564256	C	A	0.352707	0.983904	27.3857	1.7E-07	0.0882896	0.0170437	26.8344	2.2E-07	27.1551	1.9E-07
18:34261581_AG_A	18	34261581	0.564273	AG	A	0.35201	0.982725	28.4559	9.6E-08	0.0905128	0.0170732	28.1053	1.1E-07	28.5908	8.9E-08
rs671447	18	34262350	0.564274	C	T	0.351082	0.987189	29.6184	5.3E-08	0.0921501	0.0170466	29.2225	6.5E-08	29.5726	5.4E-08
rs658167	18	34263060	0.564276	C	G	0.349158	0.987325	29.6122	5.3E-08	0.0923884	0.017066	29.307	6.2E-08	29.6435	5.2E-08
rs491425	18	34263418	0.564276	A	G	0.330354	0.986617	28.4672	9.5E-08	0.0918439	0.0173064	28.1636	1.1E-07	28.5289	9.2E-08
rs627756	18	34265279	0.564279	G	A	0.333663	0.986614	27.47	1.6E-07	0.090046	0.017264	27.2049	1.8E-07	27.6435	1.5E-07
rs138340381	18	34267369	0.564282	C	T	0.985411	0.965907	18.4479	1.7E-05	-0.286329	0.0687372	17.3519	3.1E-05	17.3387	3.1E-05
rs671303	18	34269028	0.564296	C	T	0.334579	0.98833	27.7391	1.4E-07	0.0901323	0.0172402	27.3324	1.7E-07	27.8028	1.3E-07
rs500559	18	34270194	0.564301	A	G	0.326545	0.994555	27.6109	1.5E-07	0.0902157	0.0172899	27.2256	1.8E-07	27.7106	1.4E-07
rs502154	18	34270316	0.564302	A	G	0.327228	0.994721	27.6491	1.5E-07	0.0901666	0.0172825	27.2193	1.8E-07	27.6959	1.4E-07
rs644056	18	34270525	0.564304	C	G	0.325563	0.995245	27.2344	1.8E-07	0.0895526	0.0173013	26.7917	2.3E-07	27.2112	1.8E-07
rs527797	18	34270834	0.564309	A	C	0.292284	0.994777	29.4147	5.8E-08	0.0955049	0.0178036	28.7763	8.1E-08	29.1753	6.6E-08
rs536188	18	34271792	0.564315	T	C	0.340517	0.989072	29.2576	6.3E-08	0.0925919	0.0171691	29.0839	6.9E-08	29.422	5.8E-08
rs628129	18	34271793	0.564315	G	A	0.342629	0.989003	28.2947	1.0E-07	0.0909835	0.0171452	28.1605	1.1E-07	28.484	9.4E-08
rs561740	18	34272276	0.564315	C	G	0.342964	0.998058	27.8176	1.3E-07	0.0895056	0.0170358	27.6041	1.5E-07	27.9718	1.2E-07
rs479570	18	34273039	0.564316	T	C	0.340837	0.997614	28.4149	9.8E-08	0.0905103	0.0170685	28.1195	1.1E-07	28.4615	9.6E-08
rs561021	18	34278799	0.564321	T	C	0.33955	0.996669	27.6787	1.4E-07	0.0893284	0.0170781	27.3589	1.7E-07	27.7491	1.4E-07
rs4799878	18	34280866	0.564323	C	T	0.661042	0.990954	29.0376	7.1E-08	-0.0919304	0.0171411	28.7633	8.2E-08	29.0902	6.9E-08
rs4799426	18	34280891	0.564323	A	G	0.661542	0.991336	28.0623	1.2E-07	-0.0907841	0.0171441	28.0406	1.2E-07	28.3522	1.0E-07
rs4799879	18	34280897	0.564323	G	A	0.660016	0.991198	28.4063	9.8E-08	-0.0911675	0.0171398	28.2924	1.0E-07	28.6073	8.9E-08
rs4799880	18	34281409	0.564324	G	A	0.658784	0.997439	27.7738	1.4E-07	-0.0896612	0.0170698	27.59	1.5E-07	27.8959	1.3E-07
rs9961386	18	34281671	0.564324	T	G	0.660839	0.996104	27.767	1.4E-07	-0.0896361	0.0170923	27.5021	1.6E-07	27.8291	1.3E-07
rs4799427	18	34282780	0.564327	C	T	0.658168	0.997736	27.4224	1.6E-07	-0.0891059	0.0170685	27.2534	1.8E-07	27.5732	1.5E-07
rs948634	18	34284315	0.56433	T	G	0.658257	0.995433	27.264	1.8E-07	-0.0886839	0.0170639	27.0104	2.0E-07	27.3322	1.7E-07
rs948635	18	34284447	0.56433	C	G	0.66021	0.995561	28.5393	9.2E-08	-0.0909076	0.0170923	28.2879	1.0E-07	28.6174	8.8E-08
rs9962143	18	34285546	0.564333	C	T	0.660172	0.995228	28.3416	1.0E-07	-0.0906294	0.0170953	28.1052	1.1E-07	28.4277	9.7E-08
rs4799882	18	34286853	0.564336	T	G	0.659457	0.995007	28.4115	9.8E-08	-0.0905806	0.0170982	28.0655	1.2E-07	28.4697	9.5E-08
rs754040	18	34288369	0.564339	A	C	0.655531	0.994937	25.4118	4.6E-07	-0.0860427	0.0170454	25.481	4.5E-07	25.7686	3.8E-07
rs61735998	18	34289285	0.564341	G	T	0.976974	1	22.2638	2.4E-06	-0.250379	0.054164	21.3685	3.8E-06	21.3715	3.8E-06
rs16968220	18	34291197	0.564346	C	A	0.657225	0.993747	26.917	2.1E-07	-0.0885061	0.0170738	26.8712	2.2E-07	27.159	1.9E-07
rs4603639	18	34292319	0.564359	A	G	0.654318	0.99184	26.475	2.7E-07	-0.0876446	0.0170529	26.4152	2.8E-07	26.7811	2.3E-07
rs4477795	18	34292366	0.564359	C	T	0.657222	0.993107	27.7266	1.4E-07	-0.0896235	0.0170712	27.5623	1.5E-07	27.9049	1.3E-07
rs777349704	18	34293994	0.564378	GTC	G	0.657753	0.988371	27.8071	1.3E-07	-0.0897205	0.0171153	27.4799	1.6E-07	27.8772	1.3E-07
rs12605417	18	34294896	0.564385	C	T	0.659216	0.991733	27.1953	1.8E-07	-0.0888315	0.0171016	26.9811	2.1E-07	27.2888	1.8E-07
rs3809994	18	34297753	0.564397	C	T	0.615014	0.978261	29.9336	4.5E-08	-0.0919907	0.0168005	29.9807	4.4E-08	30.1273	4.0E-08
rs7240383	18	34298732	0.5644	G	C	0.65689	0.992476	23.9008	1.0E-06	-0.0836058	0.017082	23.9549	9.9E-07	24.3764	7.9E-07
rs11081961	18	34299071	0.5644	T	A	0.659243	0.991475	24.3294	8.1E-07	-0.08448	0.0171232	24.3409	8.1E-07	24.7423	6.6E-07
rs778650703	18	34299383	0.564401	CT	C	0.658864	0.991803	24.8186	6.3E-07	-0.0853915	0.0171175	24.8857	6.1E-07	25.3379	4.8E-07
rs11081962	18	34299757	0.564402	G	A	0.661125	0.99074	24.4852	7.5E-07	-0.0850756	0.0171636	24.5695	7.2E-07	24.994	5.8E-07
rs1365509	18	34299774	0.564402	A	G	0.661216	0.990287	24.4662	7.6E-07	-0.0850897	0.017169	24.5621	7.2E-07	24.9793	5.8E-07
rs11081963	18	34300190	0.564403	G	A	0.661597	0.99093	25.754	3.9E-07	-0.0871202	0.0171641	25.7628	3.9E-07	26.1588	3.1E-07
rs9956820	18	34301780	0.564407	A	T	0.656696	0.991427	24.4825	7.5E-07	-0.0845796	0.0170954	24.4779	7.5E-07	24.884	6.1E-07
rs4371230	18	34309634	0.56442	G	A	0.658577	0.992095	26.9324	2.1E-07	-0.088901	0.0171255	26.948	2.1E-07	27.3901	1.7E-07
rs9962453	18	34309966	0.56442	C	T	0.659147	0.992368	26.727	2.3E-07	-0.0885519	0.0171233	26.7438	2.3E-07	27.2005	1.8E-07
rs3744903	18	34310668	0.564421	C	T	0.661861	0.992022	27.0238	2.0E-07	-0.089297	0.0171605	27.0778	2.0E-07	27.5209	1.6E-07
rs4799883	18	34311291	0.564422	G	A	0.658474	0.992183	26.6116	2.5E-07	-0.0883916	0.0171194	26.6591	2.4E-07	27.1012	1.9E-07
rs879567	18	34311643	0.564424	A	G	0.659082	0.990985	26.7225	2.3E-07	-0.0887863	0.0171385	26.8379	2.2E-07	27.2479	1.8E-07
rs879568	18	34311659	0.564425	G	C	0.659087	0.991028	26.7392	2.3E-07	-0.0888168	0.0171382	26.8572	2.2E-07	27.2667	1.8E-07
rs9959105	18	34312289	0.564426	G	A	0.672698	0.986045	24.8034	6.3E-07	-0.0869725	0.0173567	25.109	5.4E-07	25.4541	4.5E-07
rs9958934	18	34312290	0.564426	C	T	0.672697	0.98607	24.8013	6.4E-07	-0.0869688	0.0173566	25.1072	5.4E-07	25.4523	4.5E-07
rs4799884	18	34313301	0.564428	G	A	0.678606	0.994568	26.6436	2.4E-07	-0.0902992	0.017374	27.0126	2.0E-07	27.398	1.7E-07
rs4799885	18	34313674	0.564429	C	T	0.678057	0.994348	26.7224	2.3E-07	-0.0903588	0.0173782	27.0354	2.0E-07	27.4186	1.6E-07
rs4799432	18	34315042	0.564432	C	T	0.681298	0.994451	26.8171	2.2E-07	-0.0907676	0.0174155	27.1636	1.9E-07	27.5609	1.5E-07
rs873201	18	34315475	0.564433	C	T	0.678062	0.99472	26.8307	2.2E-07	-0.0905466	0.0173775	27.1499	1.9E-07	27.5408	1.5E-07
rs12604388	18	34315711	0.564434	C	T	0.678946	0.995029	26.8142	2.2E-07	-0.0906005	0.0173772	27.1834	1.9E-07	27.586	1.5E-07
rs8089337	18	34316100	0.564434	G	A	0.678074	0.9948	26.8169	2.2E-07	-0.0905241	0.0173775	27.1364	1.9E-07	27.5265	1.5E-07
rs4346268	18	34316204	0.564435	C	A	0.678103	0.994695	26.7314	2.3E-07	-0.0903941	0.0173789	27.0543	2.0E-07	27.4445	1.6E-07
rs4799886	18	34318747	0.56444	G	C	0.676849	0.995092	26.7623	2.3E-07	-0.0903705	0.0173534	27.1196	1.9E-07	27.5162	1.6E-07
rs4799887	18	34319157	0.564441	C	T	0.679443	0.996248	26.3268	2.9E-07	-0.0898044	0.0173679	26.7362	2.3E-07	27.1141	1.9E-07
rs9959091	18	34319676	0.564442	C	T	0.677946	0.995051	26.4696	2.7E-07	-0.0899542	0.0173758	26.801	2.3E-07	27.1714	1.9E-07
18:34321735_TA_T	18	34321735	0.564451	TA	T	0.679258	0.992421	25.9456	3.5E-07	-0.0891554	0.0174218	26.1883	3.1E-07	26.5252	2.6E-07
rs11660290	18	34321757	0.564451	G	T	0.678616	0.995718	26.6094	2.5E-07	-0.0901749	0.0173696	26.9521	2.1E-07	27.3372	1.7E-07
rs11878091	18	34323855	0.564462	T	C	0.677657	0.999612	26.7192	2.4E-07	-0.0902464	0.0173248	27.1346	1.9E-07	27.5221	1.6E-07
rs2303510	18	34324091	0.564464	G	A	0.677674	1	26.2626	3.0E-07	-0.0895451	0.0173289	26.7018	2.4E-07	27.087	1.9E-07
rs2303509	18	34324190	0.564464	C	T	0.679531	0.998846	26.9611	2.1E-07	-0.0907478	0.0173646	27.3113	1.7E-07	27.6899	1.4E-07
